Tuple ScCost FR holdingCosts penaltyCosts orderCosts setupCosts productionCosts purchaseCosts transportCosts
P,CC-F01 0.0 0.8699186991869918 0.0 99200.0 0.0 0.0 0.0 0.0 0.0 
P,CC-R01 247500.87804922726 NaN 78166.8 0.0 59475.0 0.0 0.0 109859.07804922728 0.0 
P,CC-R02 721200.8862344178 NaN 546471.4600000001 0.0 23725.0 0.0 0.0 151004.42623441765 0.0 
02,CC-F01 777443.7099999996 0.9852670349907919 214861.60000000003 24800.0 0.0 56710.0 335443.5599999997 0.0 145628.54999999993 
02,CC-R01 0.0 NaN 0.0 0.0 0.0 0.0 0.0 0.0 0.0 
02,CC-R02 0.0 NaN 0.0 0.0 0.0 0.0 0.0 0.0 0.0 
02W,CC-F01 225839.75999999998 1.0 150489.75999999998 0.0 75350.0 0.0 0.0 0.0 0.0 
02W,CC-R01 0.0 NaN 0.0 0.0 0.0 0.0 0.0 0.0 0.0 
02W,CC-R02 0.0 NaN 0.0 0.0 0.0 0.0 0.0 0.0 0.0 
02N,CC-F01 173905.76 0.9874739039665971 66205.76000000001 18600.0 89100.0 0.0 0.0 0.0 0.0 
02N,CC-R01 0.0 NaN 0.0 0.0 0.0 0.0 0.0 0.0 0.0 
02N,CC-R02 0.0 NaN 0.0 0.0 0.0 0.0 0.0 0.0 0.0 
02S,CC-F01 186699.52 0.9871794871794872 38299.51999999998 18600.0 129800.0 0.0 0.0 0.0 0.0 
02S,CC-R01 0.0 NaN 0.0 0.0 0.0 0.0 0.0 0.0 0.0 
02S,CC-R02 0.0 NaN 0.0 0.0 0.0 0.0 0.0 0.0 0.0 
