Tuple ScCost FR holdingCosts penaltyCosts orderCosts setupCosts productionCosts purchaseCosts transportCosts
P,CC-F01 0.0 0.75 0.0 77500.0 0.0 0.0 0.0 0.0 0.0 
P,CC-R01 237051.5395136588 NaN 136132.80000000005 0.0 13975.0 0.0 0.0 86943.73951365873 0.0 
P,CC-R02 326809.0298580524 NaN 197940.1799999999 0.0 14625.0 0.0 0.0 114243.84985805246 0.0 
02,CC-F01 996547.1300000001 0.7945205479452055 443622.5600000002 139500.0 0.0 19875.0 275272.55999999994 0.0 118277.00999999998 
02,CC-R01 0.0 NaN 0.0 0.0 0.0 0.0 0.0 0.0 0.0 
02,CC-R02 0.0 NaN 0.0 0.0 0.0 0.0 0.0 0.0 0.0 
02W,CC-F01 249093.91999999998 0.8981670061099796 62193.919999999984 155000.0 31900.0 0.0 0.0 0.0 0.0 
02W,CC-R01 0.0 NaN 0.0 0.0 0.0 0.0 0.0 0.0 0.0 
02W,CC-R02 0.0 NaN 0.0 0.0 0.0 0.0 0.0 0.0 0.0 
02N,CC-F01 242808.63999999996 0.8957446808510638 59008.63999999996 151900.0 31900.0 0.0 0.0 0.0 0.0 
02N,CC-R01 0.0 NaN 0.0 0.0 0.0 0.0 0.0 0.0 0.0 
02N,CC-R02 0.0 NaN 0.0 0.0 0.0 0.0 0.0 0.0 0.0 
02S,CC-F01 219108.80000000005 0.9136842105263158 60108.80000000003 127100.0 31900.0 0.0 0.0 0.0 0.0 
02S,CC-R01 0.0 NaN 0.0 0.0 0.0 0.0 0.0 0.0 0.0 
02S,CC-R02 0.0 NaN 0.0 0.0 0.0 0.0 0.0 0.0 0.0 
