Tuple ScCost FR holdingCosts penaltyCosts orderCosts setupCosts productionCosts purchaseCosts transportCosts
P,CC-F01 0.0 0.996031746031746 0.0 3100.0 0.0 0.0 0.0 0.0 0.0 
P,CC-R01 302368.03108545917 NaN 150543.59999999995 0.0 64350.0 0.0 0.0 87474.4310854592 0.0 
P,CC-R02 298822.70942265564 NaN 99068.34999999995 0.0 81900.0 0.0 0.0 117854.35942265566 0.0 
02,CC-F01 733626.3099999999 0.9028006589785832 78380.95999999995 182900.0 0.0 66515.0 281973.5200000001 0.0 123856.82999999991 
02,CC-R01 0.0 NaN 0.0 0.0 0.0 0.0 0.0 0.0 0.0 
02,CC-R02 0.0 NaN 0.0 0.0 0.0 0.0 0.0 0.0 0.0 
02W,CC-F01 354055.44 1.0 267705.44 0.0 86350.0 0.0 0.0 0.0 0.0 
02W,CC-R01 0.0 NaN 0.0 0.0 0.0 0.0 0.0 0.0 0.0 
02W,CC-R02 0.0 NaN 0.0 0.0 0.0 0.0 0.0 0.0 0.0 
02N,CC-F01 220153.84000000003 1.0 127203.84000000004 0.0 92950.0 0.0 0.0 0.0 0.0 
02N,CC-R01 0.0 NaN 0.0 0.0 0.0 0.0 0.0 0.0 0.0 
02N,CC-R02 0.0 NaN 0.0 0.0 0.0 0.0 0.0 0.0 0.0 
02S,CC-F01 251883.68000000005 1.0 129783.68000000007 0.0 122100.0 0.0 0.0 0.0 0.0 
02S,CC-R01 0.0 NaN 0.0 0.0 0.0 0.0 0.0 0.0 0.0 
02S,CC-R02 0.0 NaN 0.0 0.0 0.0 0.0 0.0 0.0 0.0 
