Tuple ScCost FR holdingCosts penaltyCosts orderCosts setupCosts productionCosts purchaseCosts transportCosts
P,CC-F01 0.0 0.8333333333333334 0.0 49600.0 0.0 0.0 0.0 0.0 0.0 
P,CC-R01 255029.84765061835 NaN 149865.5999999998 0.0 15600.0 0.0 0.0 89564.24765061856 0.0 
P,CC-R02 309436.32017393917 NaN 184320.29000000015 0.0 16575.0 0.0 0.0 108541.03017393903 0.0 
02,CC-F01 918470.94 0.8009049773755657 368570.3999999999 136400.0 0.0 21200.0 274341.32 0.0 117959.22000000003 
02,CC-R01 0.0 NaN 0.0 0.0 0.0 0.0 0.0 0.0 0.0 
02,CC-R02 0.0 NaN 0.0 0.0 0.0 0.0 0.0 0.0 0.0 
02W,CC-F01 221334.56 0.9068736141906873 59234.55999999998 130200.0 31900.0 0.0 0.0 0.0 0.0 
02W,CC-R01 0.0 NaN 0.0 0.0 0.0 0.0 0.0 0.0 0.0 
02W,CC-R02 0.0 NaN 0.0 0.0 0.0 0.0 0.0 0.0 0.0 
02N,CC-F01 195501.91999999998 0.9300847457627118 59101.919999999984 102300.0 34100.0 0.0 0.0 0.0 0.0 
02N,CC-R01 0.0 NaN 0.0 0.0 0.0 0.0 0.0 0.0 0.0 
02N,CC-R02 0.0 NaN 0.0 0.0 0.0 0.0 0.0 0.0 0.0 
02S,CC-F01 240937.99999999997 0.8934782608695653 57687.99999999998 151900.0 31350.0 0.0 0.0 0.0 0.0 
02S,CC-R01 0.0 NaN 0.0 0.0 0.0 0.0 0.0 0.0 0.0 
02S,CC-R02 0.0 NaN 0.0 0.0 0.0 0.0 0.0 0.0 0.0 
