Tuple ScCost FR holdingCosts penaltyCosts orderCosts setupCosts productionCosts purchaseCosts transportCosts
P,CC-F01 0.0 0.7735849056603774 0.0 74400.0 0.0 0.0 0.0 0.0 0.0 
P,CC-R01 246762.44068664106 NaN 131154.8000000001 0.0 15600.0 0.0 0.0 100007.64068664095 0.0 
P,CC-R02 302540.64527672227 NaN 156199.2300000001 0.0 16250.0 0.0 0.0 130091.4152767222 0.0 
02,CC-F01 886739.2599999998 0.8311688311688312 308970.5599999998 120900.0 0.0 21730.0 303376.54000000004 0.0 131762.15999999992 
02,CC-R01 0.0 NaN 0.0 0.0 0.0 0.0 0.0 0.0 0.0 
02,CC-R02 0.0 NaN 0.0 0.0 0.0 0.0 0.0 0.0 0.0 
02W,CC-F01 177152.95999999996 0.9410480349344978 59352.959999999955 83700.0 34100.0 0.0 0.0 0.0 0.0 
02W,CC-R01 0.0 NaN 0.0 0.0 0.0 0.0 0.0 0.0 0.0 
02W,CC-R02 0.0 NaN 0.0 0.0 0.0 0.0 0.0 0.0 0.0 
02N,CC-F01 203024.16 0.9307535641547862 61324.159999999996 105400.0 36300.0 0.0 0.0 0.0 0.0 
02N,CC-R01 0.0 NaN 0.0 0.0 0.0 0.0 0.0 0.0 0.0 
02N,CC-R02 0.0 NaN 0.0 0.0 0.0 0.0 0.0 0.0 0.0 
02S,CC-F01 208738.39999999997 0.9219409282700421 58838.39999999998 114700.0 35200.0 0.0 0.0 0.0 0.0 
02S,CC-R01 0.0 NaN 0.0 0.0 0.0 0.0 0.0 0.0 0.0 
02S,CC-R02 0.0 NaN 0.0 0.0 0.0 0.0 0.0 0.0 0.0 
