Tuple ScCost FR holdingCosts penaltyCosts orderCosts setupCosts productionCosts purchaseCosts transportCosts
P,CC-F01 0.0 0.961864406779661 0.0 27900.0 0.0 0.0 0.0 0.0 0.0 
P,CC-R01 625414.6213480292 NaN 509960.3999999999 0.0 10725.0 0.0 0.0 104729.2213480293 0.0 
P,CC-R02 293156.17103541497 NaN 101907.85999999996 0.0 65000.0 0.0 0.0 126248.31103541501 0.0 
02,CC-F01 753448.4200000002 0.9954128440366973 246990.71999999997 6200.0 0.0 60155.0 306559.6200000002 0.0 133543.07999999993 
02,CC-R01 0.0 NaN 0.0 0.0 0.0 0.0 0.0 0.0 0.0 
02,CC-R02 0.0 NaN 0.0 0.0 0.0 0.0 0.0 0.0 0.0 
02W,CC-F01 173789.52000000008 0.9979633401221996 96439.52000000008 3100.0 74250.0 0.0 0.0 0.0 0.0 
02W,CC-R01 0.0 NaN 0.0 0.0 0.0 0.0 0.0 0.0 0.0 
02W,CC-R02 0.0 NaN 0.0 0.0 0.0 0.0 0.0 0.0 0.0 
02N,CC-F01 168736.47999999998 1.0 113736.48 0.0 55000.0 0.0 0.0 0.0 0.0 
02N,CC-R01 0.0 NaN 0.0 0.0 0.0 0.0 0.0 0.0 0.0 
02N,CC-R02 0.0 NaN 0.0 0.0 0.0 0.0 0.0 0.0 0.0 
02S,CC-F01 185084.08000000002 1.0 75634.08 0.0 109450.0 0.0 0.0 0.0 0.0 
02S,CC-R01 0.0 NaN 0.0 0.0 0.0 0.0 0.0 0.0 0.0 
02S,CC-R02 0.0 NaN 0.0 0.0 0.0 0.0 0.0 0.0 0.0 
