Tuple ScCost FR holdingCosts penaltyCosts orderCosts setupCosts productionCosts purchaseCosts transportCosts
P,CC-F01 0.0 0.9523809523809523 0.0 37200.0 0.0 0.0 0.0 0.0 0.0 
P,CC-R01 426551.803951639 NaN 288971.99999999994 0.0 32175.0 0.0 0.0 105404.80395163906 0.0 
P,CC-R02 296744.9671266781 NaN 85324.52999999998 0.0 81900.0 0.0 0.0 129520.43712667814 0.0 
02,CC-F01 725142.0500000003 0.9480874316939891 155644.48000000019 58900.0 0.0 63600.0 311455.1400000002 0.0 135542.42999999993 
02,CC-R01 0.0 NaN 0.0 0.0 0.0 0.0 0.0 0.0 0.0 
02,CC-R02 0.0 NaN 0.0 0.0 0.0 0.0 0.0 0.0 0.0 
02W,CC-F01 452635.5200000003 1.0 400935.5200000003 0.0 51700.0 0.0 0.0 0.0 0.0 
02W,CC-R01 0.0 NaN 0.0 0.0 0.0 0.0 0.0 0.0 0.0 
02W,CC-R02 0.0 NaN 0.0 0.0 0.0 0.0 0.0 0.0 0.0 
02N,CC-F01 180553.2 1.0 97503.2 0.0 83050.0 0.0 0.0 0.0 0.0 
02N,CC-R01 0.0 NaN 0.0 0.0 0.0 0.0 0.0 0.0 0.0 
02N,CC-R02 0.0 NaN 0.0 0.0 0.0 0.0 0.0 0.0 0.0 
02S,CC-F01 163638.56 1.0 107538.55999999998 0.0 56100.0 0.0 0.0 0.0 0.0 
02S,CC-R01 0.0 NaN 0.0 0.0 0.0 0.0 0.0 0.0 0.0 
02S,CC-R02 0.0 NaN 0.0 0.0 0.0 0.0 0.0 0.0 0.0 
