Tuple ScCost FR holdingCosts penaltyCosts orderCosts setupCosts productionCosts purchaseCosts transportCosts
P,CC-F01 0.0 0.7182539682539683 0.0 220100.0 0.0 0.0 0.0 0.0 0.0 
P,CC-R01 180621.09758341446 NaN 55232.99999999996 0.0 52000.0 0.0 0.0 73388.0975834145 0.0 
P,CC-R02 245175.5070949089 NaN 51942.98999999999 0.0 81900.0 0.0 0.0 111332.51709490894 0.0 
02,CC-F01 805210.2 0.7993079584775087 54621.599999999926 359600.0 0.0 47965.0 238163.7 0.0 104859.90000000004 
02,CC-R01 0.0 NaN 0.0 0.0 0.0 0.0 0.0 0.0 0.0 
02,CC-R02 0.0 NaN 0.0 0.0 0.0 0.0 0.0 0.0 0.0 
02W,CC-F01 441928.80000000016 1.0 393528.80000000016 0.0 48400.0 0.0 0.0 0.0 0.0 
02W,CC-R01 0.0 NaN 0.0 0.0 0.0 0.0 0.0 0.0 0.0 
02W,CC-R02 0.0 NaN 0.0 0.0 0.0 0.0 0.0 0.0 0.0 
02N,CC-F01 248533.28000000003 0.9936440677966102 138033.28000000003 9300.0 101200.0 0.0 0.0 0.0 0.0 
02N,CC-R01 0.0 NaN 0.0 0.0 0.0 0.0 0.0 0.0 0.0 
02N,CC-R02 0.0 NaN 0.0 0.0 0.0 0.0 0.0 0.0 0.0 
02S,CC-F01 331469.28000000014 0.9978260869565218 223869.28000000012 3100.0 104500.0 0.0 0.0 0.0 0.0 
02S,CC-R01 0.0 NaN 0.0 0.0 0.0 0.0 0.0 0.0 0.0 
02S,CC-R02 0.0 NaN 0.0 0.0 0.0 0.0 0.0 0.0 0.0 
