Tuple ScCost FR holdingCosts penaltyCosts orderCosts setupCosts productionCosts purchaseCosts transportCosts
P,CC-F01 0.0 0.8269230769230769 0.0 55800.0 0.0 0.0 0.0 0.0 0.0 
P,CC-R01 280209.97021917865 NaN 161882.0 0.0 16575.0 0.0 0.0 101752.97021917863 0.0 
P,CC-R02 377000.5958626517 NaN 222843.99 0.0 17875.0 0.0 0.0 136281.6058626517 0.0 
02,CC-F01 991154.5300000001 0.8478260869565217 401209.92000000016 108500.0 0.0 22790.0 320775.6 0.0 137879.01 
02,CC-R01 0.0 NaN 0.0 0.0 0.0 0.0 0.0 0.0 0.0 
02,CC-R02 0.0 NaN 0.0 0.0 0.0 0.0 0.0 0.0 0.0 
02W,CC-F01 225861.44000000006 0.9128630705394191 60461.440000000046 130200.0 35200.0 0.0 0.0 0.0 0.0 
02W,CC-R01 0.0 NaN 0.0 0.0 0.0 0.0 0.0 0.0 0.0 
02W,CC-R02 0.0 NaN 0.0 0.0 0.0 0.0 0.0 0.0 0.0 
02N,CC-F01 167088.96 0.954070981210856 62588.959999999985 68200.0 36300.0 0.0 0.0 0.0 0.0 
02N,CC-R01 0.0 NaN 0.0 0.0 0.0 0.0 0.0 0.0 0.0 
02N,CC-R02 0.0 NaN 0.0 0.0 0.0 0.0 0.0 0.0 0.0 
02S,CC-F01 186872.56000000003 0.938034188034188 61222.56000000002 89900.0 35750.0 0.0 0.0 0.0 0.0 
02S,CC-R01 0.0 NaN 0.0 0.0 0.0 0.0 0.0 0.0 0.0 
02S,CC-R02 0.0 NaN 0.0 0.0 0.0 0.0 0.0 0.0 0.0 
