Tuple ScCost FR holdingCosts penaltyCosts orderCosts setupCosts productionCosts purchaseCosts transportCosts
P,CC-F01 0.0 0.8452380952380952 0.0 120900.0 0.0 0.0 0.0 0.0 0.0 
P,CC-R01 233686.3837088118 NaN 55008.00000000005 0.0 81900.0 0.0 0.0 96778.38370881174 0.0 
P,CC-R02 344495.9872389678 NaN 194077.2699999999 0.0 43875.0 0.0 0.0 106543.71723896792 0.0 
02,CC-F01 791346.2700000003 0.9 165137.92000000004 136400.0 0.0 56445.0 302099.3400000001 0.0 131264.01000000018 
02,CC-R01 0.0 NaN 0.0 0.0 0.0 0.0 0.0 0.0 0.0 
02,CC-R02 0.0 NaN 0.0 0.0 0.0 0.0 0.0 0.0 0.0 
02W,CC-F01 232720.63999999998 0.9600886917960089 49320.63999999999 55800.0 127600.0 0.0 0.0 0.0 0.0 
02W,CC-R01 0.0 NaN 0.0 0.0 0.0 0.0 0.0 0.0 0.0 
02W,CC-R02 0.0 NaN 0.0 0.0 0.0 0.0 0.0 0.0 0.0 
02N,CC-F01 638762.8000000004 1.0 583212.8000000004 0.0 55550.0 0.0 0.0 0.0 0.0 
02N,CC-R01 0.0 NaN 0.0 0.0 0.0 0.0 0.0 0.0 0.0 
02N,CC-R02 0.0 NaN 0.0 0.0 0.0 0.0 0.0 0.0 0.0 
02S,CC-F01 646344.4000000003 1.0 611694.4000000003 0.0 34650.0 0.0 0.0 0.0 0.0 
02S,CC-R01 0.0 NaN 0.0 0.0 0.0 0.0 0.0 0.0 0.0 
02S,CC-R02 0.0 NaN 0.0 0.0 0.0 0.0 0.0 0.0 0.0 
