Tuple ScCost FR holdingCosts penaltyCosts orderCosts setupCosts productionCosts purchaseCosts transportCosts
P,CC-F01 0.0 0.780952380952381 0.0 71300.0 0.0 0.0 0.0 0.0 0.0 
P,CC-R01 217658.4893209361 NaN 111389.19999999995 0.0 14625.0 0.0 0.0 91644.28932093615 0.0 
P,CC-R02 280075.72942625574 NaN 146322.73999999987 0.0 15600.0 0.0 0.0 118152.98942625588 0.0 
02,CC-F01 812451.4 0.8457943925233645 285868.16 102300.0 0.0 21730.0 280424.14 0.0 122129.09999999999 
02,CC-R01 0.0 NaN 0.0 0.0 0.0 0.0 0.0 0.0 0.0 
02,CC-R02 0.0 NaN 0.0 0.0 0.0 0.0 0.0 0.0 0.0 
02W,CC-F01 167293.75999999995 0.9460043196544277 55693.75999999995 77500.0 34100.0 0.0 0.0 0.0 0.0 
02W,CC-R01 0.0 NaN 0.0 0.0 0.0 0.0 0.0 0.0 0.0 
02W,CC-R02 0.0 NaN 0.0 0.0 0.0 0.0 0.0 0.0 0.0 
02N,CC-F01 187411.84000000003 0.9359504132231405 58311.840000000026 96100.0 33000.0 0.0 0.0 0.0 0.0 
02N,CC-R01 0.0 NaN 0.0 0.0 0.0 0.0 0.0 0.0 0.0 
02N,CC-R02 0.0 NaN 0.0 0.0 0.0 0.0 0.0 0.0 0.0 
02S,CC-F01 203287.43999999997 0.9225806451612903 59237.43999999997 111600.0 32450.0 0.0 0.0 0.0 0.0 
02S,CC-R01 0.0 NaN 0.0 0.0 0.0 0.0 0.0 0.0 0.0 
02S,CC-R02 0.0 NaN 0.0 0.0 0.0 0.0 0.0 0.0 0.0 
