Tuple ScCost FR holdingCosts penaltyCosts orderCosts setupCosts productionCosts purchaseCosts transportCosts
P,CC-F01 0.0 0.7261904761904762 0.0 213900.0 0.0 0.0 0.0 0.0 0.0 
P,CC-R01 254445.11179117695 NaN 133168.59999999998 0.0 28925.0 0.0 0.0 92351.51179117698 0.0 
P,CC-R02 253527.9248238104 NaN 55372.4 0.0 81900.0 0.0 0.0 116255.5248238104 0.0 
02,CC-F01 704483.2100000002 0.9488721804511279 143035.36000000007 105400.0 0.0 48495.0 282972.95999999996 0.0 124579.89000000012 
02,CC-R01 0.0 NaN 0.0 0.0 0.0 0.0 0.0 0.0 0.0 
02,CC-R02 0.0 NaN 0.0 0.0 0.0 0.0 0.0 0.0 0.0 
02W,CC-F01 365491.12 1.0 237341.12 0.0 128150.0 0.0 0.0 0.0 0.0 
02W,CC-R01 0.0 NaN 0.0 0.0 0.0 0.0 0.0 0.0 0.0 
02W,CC-R02 0.0 NaN 0.0 0.0 0.0 0.0 0.0 0.0 0.0 
02N,CC-F01 181473.44000000006 1.0 91273.44000000006 0.0 90200.0 0.0 0.0 0.0 0.0 
02N,CC-R01 0.0 NaN 0.0 0.0 0.0 0.0 0.0 0.0 0.0 
02N,CC-R02 0.0 NaN 0.0 0.0 0.0 0.0 0.0 0.0 0.0 
02S,CC-F01 263036.32000000007 0.9956989247311828 128136.32000000004 6200.0 128700.0 0.0 0.0 0.0 0.0 
02S,CC-R01 0.0 NaN 0.0 0.0 0.0 0.0 0.0 0.0 0.0 
02S,CC-R02 0.0 NaN 0.0 0.0 0.0 0.0 0.0 0.0 0.0 
