Tuple ScCost FR holdingCosts penaltyCosts orderCosts setupCosts productionCosts purchaseCosts transportCosts
P,CC-F01 0.0 0.8809523809523809 0.0 93000.0 0.0 0.0 0.0 0.0 0.0 
P,CC-R01 292055.9228924 NaN 171579.0 0.0 39650.0 0.0 0.0 80826.92289239999 0.0 
P,CC-R02 252521.22604190276 NaN 55863.19000000006 0.0 81900.0 0.0 0.0 114758.0360419027 0.0 
02,CC-F01 647312.2399999992 0.9398340248962656 107851.99999999996 89900.0 0.0 58830.0 271265.4999999993 0.0 119464.73999999989 
02,CC-R01 0.0 NaN 0.0 0.0 0.0 0.0 0.0 0.0 0.0 
02,CC-R02 0.0 NaN 0.0 0.0 0.0 0.0 0.0 0.0 0.0 
02W,CC-F01 192021.68 1.0 124371.68000000001 0.0 67650.0 0.0 0.0 0.0 0.0 
02W,CC-R01 0.0 NaN 0.0 0.0 0.0 0.0 0.0 0.0 0.0 
02W,CC-R02 0.0 NaN 0.0 0.0 0.0 0.0 0.0 0.0 0.0 
02N,CC-F01 273334.0800000001 1.0 144634.0800000001 0.0 128700.0 0.0 0.0 0.0 0.0 
02N,CC-R01 0.0 NaN 0.0 0.0 0.0 0.0 0.0 0.0 0.0 
02N,CC-R02 0.0 NaN 0.0 0.0 0.0 0.0 0.0 0.0 0.0 
02S,CC-F01 451109.6000000003 1.0 398309.6000000003 0.0 52800.0 0.0 0.0 0.0 0.0 
02S,CC-R01 0.0 NaN 0.0 0.0 0.0 0.0 0.0 0.0 0.0 
02S,CC-R02 0.0 NaN 0.0 0.0 0.0 0.0 0.0 0.0 0.0 
