Tuple ScCost FR holdingCosts penaltyCosts orderCosts setupCosts productionCosts purchaseCosts transportCosts
P,CC-F01 0.0 0.8804780876494024 0.0 93000.0 0.0 0.0 0.0 0.0 0.0 
P,CC-R01 275272.9432648239 NaN 178945.5999999999 0.0 22100.0 0.0 0.0 74227.343264824 0.0 
P,CC-R02 250615.07888336777 NaN 97371.40999999997 0.0 46800.0 0.0 0.0 106443.66888336779 0.0 
02,CC-F01 817751.2899999996 0.8470254957507082 147851.0399999998 167400.0 0.0 58565.0 308412.8 0.0 135522.44999999972 
02,CC-R01 0.0 NaN 0.0 0.0 0.0 0.0 0.0 0.0 0.0 
02,CC-R02 0.0 NaN 0.0 0.0 0.0 0.0 0.0 0.0 0.0 
02W,CC-F01 153623.43999999997 0.9956331877729258 102873.43999999997 6200.0 44550.0 0.0 0.0 0.0 0.0 
02W,CC-R01 0.0 NaN 0.0 0.0 0.0 0.0 0.0 0.0 0.0 
02W,CC-R02 0.0 NaN 0.0 0.0 0.0 0.0 0.0 0.0 0.0 
02N,CC-F01 219249.28 0.955193482688391 100449.28 68200.0 50600.0 0.0 0.0 0.0 0.0 
02N,CC-R01 0.0 NaN 0.0 0.0 0.0 0.0 0.0 0.0 0.0 
02N,CC-R02 0.0 NaN 0.0 0.0 0.0 0.0 0.0 0.0 0.0 
02S,CC-F01 591092.0000000002 1.0 521792.00000000023 0.0 69300.0 0.0 0.0 0.0 0.0 
02S,CC-R01 0.0 NaN 0.0 0.0 0.0 0.0 0.0 0.0 0.0 
02S,CC-R02 0.0 NaN 0.0 0.0 0.0 0.0 0.0 0.0 0.0 
