Tuple ScCost FR holdingCosts penaltyCosts orderCosts setupCosts productionCosts purchaseCosts transportCosts
P,CC-F01 0.0 0.787037037037037 0.0 71300.0 0.0 0.0 0.0 0.0 0.0 
P,CC-R01 200032.1708539928 NaN 99178.1999999999 0.0 15925.0 0.0 0.0 84928.97085399291 0.0 
P,CC-R02 239670.49760005483 NaN 111642.57000000012 0.0 17225.0 0.0 0.0 110802.92760005471 0.0 
02,CC-F01 766722.9499999998 0.8530805687203792 257784.7999999998 96100.0 0.0 22525.0 271295.26000000007 0.0 119017.89000000003 
02,CC-R01 0.0 NaN 0.0 0.0 0.0 0.0 0.0 0.0 0.0 
02,CC-R02 0.0 NaN 0.0 0.0 0.0 0.0 0.0 0.0 0.0 
02W,CC-F01 147777.92 0.9639830508474576 59877.920000000006 52700.0 35200.0 0.0 0.0 0.0 0.0 
02W,CC-R01 0.0 NaN 0.0 0.0 0.0 0.0 0.0 0.0 0.0 
02W,CC-R02 0.0 NaN 0.0 0.0 0.0 0.0 0.0 0.0 0.0 
02N,CC-F01 207971.12000000005 0.92 57721.120000000046 117800.0 32450.0 0.0 0.0 0.0 0.0 
02N,CC-R01 0.0 NaN 0.0 0.0 0.0 0.0 0.0 0.0 0.0 
02N,CC-R02 0.0 NaN 0.0 0.0 0.0 0.0 0.0 0.0 0.0 
02S,CC-F01 191720.56000000006 0.9285714285714286 58070.560000000056 102300.0 31350.0 0.0 0.0 0.0 0.0 
02S,CC-R01 0.0 NaN 0.0 0.0 0.0 0.0 0.0 0.0 0.0 
02S,CC-R02 0.0 NaN 0.0 0.0 0.0 0.0 0.0 0.0 0.0 
