Tuple ScCost FR holdingCosts penaltyCosts orderCosts setupCosts productionCosts purchaseCosts transportCosts
P,CC-F01 0.0 0.9146341463414634 0.0 65100.0 0.0 0.0 0.0 0.0 0.0 
P,CC-R01 231271.30222663272 NaN 125603.20000000001 0.0 33800.0 0.0 0.0 71868.1022266327 0.0 
P,CC-R02 272924.85874916724 NaN 100340.62999999998 0.0 56225.0 0.0 0.0 116359.22874916726 0.0 
02,CC-F01 738160.2599999999 0.9853658536585366 219124.1599999999 18600.0 0.0 59625.0 307077.94000000024 0.0 133733.15999999977 
02,CC-R01 0.0 NaN 0.0 0.0 0.0 0.0 0.0 0.0 0.0 
02,CC-R02 0.0 NaN 0.0 0.0 0.0 0.0 0.0 0.0 0.0 
02W,CC-F01 160047.68 0.9957627118644068 110947.68 6200.0 42900.0 0.0 0.0 0.0 0.0 
02W,CC-R01 0.0 NaN 0.0 0.0 0.0 0.0 0.0 0.0 0.0 
02W,CC-R02 0.0 NaN 0.0 0.0 0.0 0.0 0.0 0.0 0.0 
02N,CC-F01 183007.44 0.9978947368421053 46257.439999999995 3100.0 133650.0 0.0 0.0 0.0 0.0 
02N,CC-R01 0.0 NaN 0.0 0.0 0.0 0.0 0.0 0.0 0.0 
02N,CC-R02 0.0 NaN 0.0 0.0 0.0 0.0 0.0 0.0 0.0 
02S,CC-F01 152187.44 1.0 106537.44000000002 0.0 45650.0 0.0 0.0 0.0 0.0 
02S,CC-R01 0.0 NaN 0.0 0.0 0.0 0.0 0.0 0.0 0.0 
02S,CC-R02 0.0 NaN 0.0 0.0 0.0 0.0 0.0 0.0 0.0 
