Tuple ScCost FR holdingCosts penaltyCosts orderCosts setupCosts productionCosts purchaseCosts transportCosts
P,CC-F01 0.0 0.8849206349206349 0.0 89900.0 0.0 0.0 0.0 0.0 0.0 
P,CC-R01 363174.69100349303 NaN 184539.8 0.0 81900.0 0.0 0.0 96734.89100349302 0.0 
P,CC-R02 266820.1824260581 NaN 59162.89 0.0 81900.0 0.0 0.0 125757.29242605812 0.0 
02,CC-F01 691777.65 0.966711051930759 128440.00000000007 77500.0 0.0 59095.0 296493.3000000001 0.0 130249.3499999999 
02,CC-R01 0.0 NaN 0.0 0.0 0.0 0.0 0.0 0.0 0.0 
02,CC-R02 0.0 NaN 0.0 0.0 0.0 0.0 0.0 0.0 0.0 
02W,CC-F01 248819.92000000007 1.0 115169.92000000007 0.0 133650.0 0.0 0.0 0.0 0.0 
02W,CC-R01 0.0 NaN 0.0 0.0 0.0 0.0 0.0 0.0 0.0 
02W,CC-R02 0.0 NaN 0.0 0.0 0.0 0.0 0.0 0.0 0.0 
02N,CC-F01 340564.80000000016 1.0 206364.8000000002 0.0 134200.0 0.0 0.0 0.0 0.0 
02N,CC-R01 0.0 NaN 0.0 0.0 0.0 0.0 0.0 0.0 0.0 
02N,CC-R02 0.0 NaN 0.0 0.0 0.0 0.0 0.0 0.0 0.0 
02S,CC-F01 207408.56 1.0 75958.56000000001 0.0 131450.0 0.0 0.0 0.0 0.0 
02S,CC-R01 0.0 NaN 0.0 0.0 0.0 0.0 0.0 0.0 0.0 
02S,CC-R02 0.0 NaN 0.0 0.0 0.0 0.0 0.0 0.0 0.0 
