Tuple ScCost FR holdingCosts penaltyCosts orderCosts setupCosts productionCosts purchaseCosts transportCosts
P,CC-F01 0.0 0.8951612903225806 0.0 80600.0 0.0 0.0 0.0 0.0 0.0 
P,CC-R01 220919.63293856411 NaN 97679.99999999996 0.0 39975.0 0.0 0.0 83264.63293856419 0.0 
P,CC-R02 256978.34151991742 NaN 120536.28999999994 0.0 29575.0 0.0 0.0 106867.0515199175 0.0 
02,CC-F01 767555.26 0.9540229885057472 202950.24000000008 37200.0 0.0 58830.0 326808.81999999995 0.0 141766.19999999998 
02,CC-R01 0.0 NaN 0.0 0.0 0.0 0.0 0.0 0.0 0.0 
02,CC-R02 0.0 NaN 0.0 0.0 0.0 0.0 0.0 0.0 0.0 
02W,CC-F01 244724.64 1.0 200724.64 0.0 44000.0 0.0 0.0 0.0 0.0 
02W,CC-R01 0.0 NaN 0.0 0.0 0.0 0.0 0.0 0.0 0.0 
02W,CC-R02 0.0 NaN 0.0 0.0 0.0 0.0 0.0 0.0 0.0 
02N,CC-F01 167424.95999999996 0.9914529914529915 96724.95999999998 12400.0 58300.0 0.0 0.0 0.0 0.0 
02N,CC-R01 0.0 NaN 0.0 0.0 0.0 0.0 0.0 0.0 0.0 
02N,CC-R02 0.0 NaN 0.0 0.0 0.0 0.0 0.0 0.0 0.0 
02S,CC-F01 642982.4799999995 1.0 608332.4799999995 0.0 34650.0 0.0 0.0 0.0 0.0 
02S,CC-R01 0.0 NaN 0.0 0.0 0.0 0.0 0.0 0.0 0.0 
02S,CC-R02 0.0 NaN 0.0 0.0 0.0 0.0 0.0 0.0 0.0 
