Tuple ScCost FR holdingCosts penaltyCosts orderCosts setupCosts productionCosts purchaseCosts transportCosts
P,CC-F01 0.0 0.9458128078817734 0.0 34100.0 0.0 0.0 0.0 0.0 0.0 
P,CC-R01 244547.373508396 NaN 115952.79999999996 0.0 29575.0 0.0 0.0 99019.57350839605 0.0 
P,CC-R02 270959.2351579863 NaN 114414.07999999994 0.0 36725.0 0.0 0.0 119820.15515798632 0.0 
02,CC-F01 709696.9700000003 0.9854227405247813 202215.52000000008 15500.0 0.0 50880.0 306948.98000000016 0.0 134152.47000000012 
02,CC-R01 0.0 NaN 0.0 0.0 0.0 0.0 0.0 0.0 0.0 
02,CC-R02 0.0 NaN 0.0 0.0 0.0 0.0 0.0 0.0 0.0 
02W,CC-F01 173561.76 1.0 102061.76 0.0 71500.0 0.0 0.0 0.0 0.0 
02W,CC-R01 0.0 NaN 0.0 0.0 0.0 0.0 0.0 0.0 0.0 
02W,CC-R02 0.0 NaN 0.0 0.0 0.0 0.0 0.0 0.0 0.0 
02N,CC-F01 160311.27999999997 1.0 116861.27999999997 0.0 43450.0 0.0 0.0 0.0 0.0 
02N,CC-R01 0.0 NaN 0.0 0.0 0.0 0.0 0.0 0.0 0.0 
02N,CC-R02 0.0 NaN 0.0 0.0 0.0 0.0 0.0 0.0 0.0 
02S,CC-F01 162693.84000000003 0.9913978494623656 79343.84000000001 12400.0 70950.0 0.0 0.0 0.0 0.0 
02S,CC-R01 0.0 NaN 0.0 0.0 0.0 0.0 0.0 0.0 0.0 
02S,CC-R02 0.0 NaN 0.0 0.0 0.0 0.0 0.0 0.0 0.0 
