Tuple ScCost FR holdingCosts penaltyCosts orderCosts setupCosts productionCosts purchaseCosts transportCosts
P,CC-F01 0.0 0.9404761904761905 0.0 46500.0 0.0 0.0 0.0 0.0 0.0 
P,CC-R01 398476.0839383282 NaN 277365.6000000001 0.0 25025.0 0.0 0.0 96085.48393832809 0.0 
P,CC-R02 272405.95323127194 NaN 63142.42 0.0 81900.0 0.0 0.0 127363.53323127195 0.0 
02,CC-F01 719034.9800000003 0.9398907103825137 151922.23999999996 68200.0 0.0 62805.0 302399.4200000004 0.0 133708.31999999998 
02,CC-R01 0.0 NaN 0.0 0.0 0.0 0.0 0.0 0.0 0.0 
02,CC-R02 0.0 NaN 0.0 0.0 0.0 0.0 0.0 0.0 0.0 
02W,CC-F01 430487.19999999995 1.0 382087.19999999995 0.0 48400.0 0.0 0.0 0.0 0.0 
02W,CC-R01 0.0 NaN 0.0 0.0 0.0 0.0 0.0 0.0 0.0 
02W,CC-R02 0.0 NaN 0.0 0.0 0.0 0.0 0.0 0.0 0.0 
02N,CC-F01 268677.59999999986 1.0 194977.5999999999 0.0 73700.0 0.0 0.0 0.0 0.0 
02N,CC-R01 0.0 NaN 0.0 0.0 0.0 0.0 0.0 0.0 0.0 
02N,CC-R02 0.0 NaN 0.0 0.0 0.0 0.0 0.0 0.0 0.0 
02S,CC-F01 165329.12 1.0 98229.12 0.0 67100.0 0.0 0.0 0.0 0.0 
02S,CC-R01 0.0 NaN 0.0 0.0 0.0 0.0 0.0 0.0 0.0 
02S,CC-R02 0.0 NaN 0.0 0.0 0.0 0.0 0.0 0.0 0.0 
