Tuple ScCost FR holdingCosts penaltyCosts orderCosts setupCosts productionCosts purchaseCosts transportCosts
P,CC-F01 0.0 0.9043478260869565 0.0 68200.0 0.0 0.0 0.0 0.0 0.0 
P,CC-R01 224736.96243534313 NaN 88928.4 0.0 30875.0 0.0 0.0 104933.56243534315 0.0 
P,CC-R02 283616.42525851075 NaN 112420.32000000005 0.0 27625.0 0.0 0.0 143571.1052585107 0.0 
02,CC-F01 738659.8300000001 0.9875518672199171 187960.64 18600.0 0.0 55120.0 331319.31999999995 0.0 145659.87000000017 
02,CC-R01 0.0 NaN 0.0 0.0 0.0 0.0 0.0 0.0 0.0 
02,CC-R02 0.0 NaN 0.0 0.0 0.0 0.0 0.0 0.0 0.0 
02W,CC-F01 172215.04 1.0 44615.040000000015 0.0 127600.0 0.0 0.0 0.0 0.0 
02W,CC-R01 0.0 NaN 0.0 0.0 0.0 0.0 0.0 0.0 0.0 
02W,CC-R02 0.0 NaN 0.0 0.0 0.0 0.0 0.0 0.0 0.0 
02N,CC-F01 168438.40000000005 1.0 117838.40000000005 0.0 50600.0 0.0 0.0 0.0 0.0 
02N,CC-R01 0.0 NaN 0.0 0.0 0.0 0.0 0.0 0.0 0.0 
02N,CC-R02 0.0 NaN 0.0 0.0 0.0 0.0 0.0 0.0 0.0 
02S,CC-F01 244682.23999999987 0.9957983193277311 154882.23999999987 6200.0 83600.0 0.0 0.0 0.0 0.0 
02S,CC-R01 0.0 NaN 0.0 0.0 0.0 0.0 0.0 0.0 0.0 
02S,CC-R02 0.0 NaN 0.0 0.0 0.0 0.0 0.0 0.0 0.0 
