Tuple ScCost FR holdingCosts penaltyCosts orderCosts setupCosts productionCosts purchaseCosts transportCosts
P,CC-F01 0.0 0.7818181818181819 0.0 74400.0 0.0 0.0 0.0 0.0 0.0 
P,CC-R01 271073.1622117473 NaN 153486.2 0.0 15925.0 0.0 0.0 101661.9622117473 0.0 
P,CC-R02 300019.0655227549 NaN 164476.53000000012 0.0 16900.0 0.0 0.0 118642.53552275478 0.0 
02,CC-F01 939935.5199999999 0.8468468468468469 387448.4800000001 105400.0 0.0 22790.0 296311.63999999984 0.0 127985.40000000007 
02,CC-R01 0.0 NaN 0.0 0.0 0.0 0.0 0.0 0.0 0.0 
02,CC-R02 0.0 NaN 0.0 0.0 0.0 0.0 0.0 0.0 0.0 
02W,CC-F01 181077.28000000003 0.9381898454746137 60177.28000000001 86800.0 34100.0 0.0 0.0 0.0 0.0 
02W,CC-R01 0.0 NaN 0.0 0.0 0.0 0.0 0.0 0.0 0.0 
02W,CC-R02 0.0 NaN 0.0 0.0 0.0 0.0 0.0 0.0 0.0 
02N,CC-F01 200593.59999999995 0.9273504273504274 59993.599999999955 105400.0 35200.0 0.0 0.0 0.0 0.0 
02N,CC-R01 0.0 NaN 0.0 0.0 0.0 0.0 0.0 0.0 0.0 
02N,CC-R02 0.0 NaN 0.0 0.0 0.0 0.0 0.0 0.0 0.0 
02S,CC-F01 212651.04 0.9186295503211992 60751.04 117800.0 34100.0 0.0 0.0 0.0 0.0 
02S,CC-R01 0.0 NaN 0.0 0.0 0.0 0.0 0.0 0.0 0.0 
02S,CC-R02 0.0 NaN 0.0 0.0 0.0 0.0 0.0 0.0 0.0 
