Tuple ScCost FR holdingCosts penaltyCosts orderCosts setupCosts productionCosts purchaseCosts transportCosts
P,CC-F01 0.0 0.7589285714285714 0.0 83700.0 0.0 0.0 0.0 0.0 0.0 
P,CC-R01 222266.2813095416 NaN 110217.60000000005 0.0 17550.0 0.0 0.0 94498.68130954157 0.0 
P,CC-R02 276355.09039516654 NaN 133901.69000000006 0.0 18850.0 0.0 0.0 123603.40039516646 0.0 
02,CC-F01 807274.2200000001 0.8333333333333334 235609.92000000004 117800.0 0.0 22525.0 300706.82000000007 0.0 130632.48000000001 
02,CC-R01 0.0 NaN 0.0 0.0 0.0 0.0 0.0 0.0 0.0 
02,CC-R02 0.0 NaN 0.0 0.0 0.0 0.0 0.0 0.0 0.0 
02W,CC-F01 187706.16000000003 0.9311111111111111 58056.16000000004 96100.0 33550.0 0.0 0.0 0.0 0.0 
02W,CC-R01 0.0 NaN 0.0 0.0 0.0 0.0 0.0 0.0 0.0 
02W,CC-R02 0.0 NaN 0.0 0.0 0.0 0.0 0.0 0.0 0.0 
02N,CC-F01 190441.59999999998 0.9381443298969072 61141.599999999984 93000.0 36300.0 0.0 0.0 0.0 0.0 
02N,CC-R01 0.0 NaN 0.0 0.0 0.0 0.0 0.0 0.0 0.0 
02N,CC-R02 0.0 NaN 0.0 0.0 0.0 0.0 0.0 0.0 0.0 
02S,CC-F01 228018.0 0.907563025210084 56968.00000000001 136400.0 34650.0 0.0 0.0 0.0 0.0 
02S,CC-R01 0.0 NaN 0.0 0.0 0.0 0.0 0.0 0.0 0.0 
02S,CC-R02 0.0 NaN 0.0 0.0 0.0 0.0 0.0 0.0 0.0 
