Tuple ScCost FR holdingCosts penaltyCosts orderCosts setupCosts productionCosts purchaseCosts transportCosts
P,CC-F01 0.0 1.0 0.0 0.0 0.0 0.0 0.0 0.0 0.0 
P,CC-R01 236011.15285826003 NaN 68913.99999999999 0.0 81900.0 0.0 0.0 85197.15285826003 0.0 
P,CC-R02 366591.14619568083 NaN 218952.18000000008 0.0 30875.0 0.0 0.0 116763.96619568075 0.0 
02,CC-F01 690052.1899999995 0.8927738927738927 90235.20000000004 142600.0 0.0 66515.0 271052.8399999997 0.0 119649.1499999997 
02,CC-R01 0.0 NaN 0.0 0.0 0.0 0.0 0.0 0.0 0.0 
02,CC-R02 0.0 NaN 0.0 0.0 0.0 0.0 0.0 0.0 0.0 
02W,CC-F01 283609.1200000002 1.0 214309.1200000002 0.0 69300.0 0.0 0.0 0.0 0.0 
02W,CC-R01 0.0 NaN 0.0 0.0 0.0 0.0 0.0 0.0 0.0 
02W,CC-R02 0.0 NaN 0.0 0.0 0.0 0.0 0.0 0.0 0.0 
02N,CC-F01 276923.68000000005 1.0 215323.68000000002 0.0 61600.0 0.0 0.0 0.0 0.0 
02N,CC-R01 0.0 NaN 0.0 0.0 0.0 0.0 0.0 0.0 0.0 
02N,CC-R02 0.0 NaN 0.0 0.0 0.0 0.0 0.0 0.0 0.0 
02S,CC-F01 189188.7200000001 1.0 109438.72000000007 0.0 79750.0 0.0 0.0 0.0 0.0 
02S,CC-R01 0.0 NaN 0.0 0.0 0.0 0.0 0.0 0.0 0.0 
02S,CC-R02 0.0 NaN 0.0 0.0 0.0 0.0 0.0 0.0 0.0 
