date demand demandChange inventoryPosition orderQuantity
2021-01-01 615 0 9385 0 
2021-01-02 592 -23 8793 0 
2021-01-03 196 -396 8597 0 
2021-01-04 1055 859 7542 0 
2021-01-05 1307 252 6235 0 
2021-01-06 555 -752 5680 0 
2021-01-07 1057 502 4623 0 
2021-01-08 394 -663 4229 0 
2021-01-09 338 -56 3891 0 
2021-01-10 364 26 3527 0 
2021-01-11 131 -233 3396 0 
2021-01-12 718 587 2678 0 
2021-01-13 829 111 1849 0 
2021-01-14 1658 829 191 2705 
2021-01-15 264 -1394 2632 0 
2021-01-16 201 -63 2431 0 
2021-01-17 826 625 1605 0 
2021-01-18 642 -184 963 0 
2021-01-19 591 -51 372 2391 
2021-01-20 1292 701 1471 0 
2021-01-21 1034 -258 437 2453 
2021-01-22 944 -90 1946 0 
2021-01-23 985 41 961 0 
2021-01-24 937 -48 24 2948 
2021-01-25 192 -745 24 2893 
2021-01-26 794 602 24 2901 
2021-01-27 872 78 24 2916 
2021-01-28 998 126 24 2942 
2021-01-29 247 -751 24 2900 
2021-01-30 895 648 24 2915 
2021-01-31 146 -749 24 2868 
2021-02-01 933 787 24 2887 
2021-02-02 520 -413 24 2872 
2021-02-03 887 367 24 2887 
2021-02-04 676 -211 2235 0 
2021-02-05 0 -676 2235 0 
2021-02-06 557 557 1678 0 
2021-02-07 498 -59 1180 0 
2021-02-08 804 306 376 2469 
2021-02-09 1577 773 1268 0 
2021-02-10 517 -1060 751 0 
2021-02-11 242 -275 509 2354 
2021-02-12 202 -40 2661 0 
2021-02-13 1154 952 1507 0 
2021-02-14 1297 143 210 2686 
2021-02-15 670 -627 2226 0 
2021-02-16 634 -36 1592 0 
2021-02-17 233 -401 1359 0 
2021-02-18 591 358 768 0 
2021-02-19 1262 671 108 2783 
2021-02-20 970 -292 1921 0 
2021-02-21 738 -232 1183 0 
2021-02-22 585 -153 598 2303 
2021-02-23 770 185 2131 0 
2021-02-24 273 -497 1858 0 
2021-02-25 451 178 1407 0 
2021-02-26 789 338 618 2258 
2021-02-27 386 -403 2436 0 
2021-02-28 1014 628 1422 0 
2021-03-01 689 -325 733 0 
2021-03-02 1425 736 263 2645 
2021-03-03 440 -985 2468 0 
2021-03-04 312 -128 2156 0 
2021-03-05 313 1 1843 0 
2021-03-06 537 224 1306 0 
2021-03-07 963 426 343 2527 
2021-03-08 0 -963 2870 0 
2021-03-09 0 0 2870 0 
2021-03-10 688 688 2182 0 
2021-03-11 0 -688 2182 0 
2021-03-12 1240 1240 942 0 
2021-03-13 1335 95 30 2809 
2021-03-14 627 -708 2212 0 
2021-03-15 1126 499 1086 0 
2021-03-16 373 -753 713 0 
2021-03-17 0 -373 713 0 
2021-03-18 452 452 261 2550 
2021-03-19 8 -444 2803 0 
2021-03-20 679 671 2124 0 
2021-03-21 458 -221 1666 0 
2021-03-22 1114 656 552 2246 
2021-03-23 803 -311 1995 0 
2021-03-24 702 -101 1293 0 
2021-03-25 867 165 426 2384 
2021-03-26 1398 531 1412 0 
2021-03-27 221 -1177 1191 0 
2021-03-28 200 -21 991 0 
2021-03-29 794 594 197 2611 
2021-03-30 854 60 1954 0 
2021-03-31 541 -313 1413 0 
2021-04-01 933 392 480 2338 
2021-04-02 828 -105 1990 0 
2021-04-03 1235 407 755 0 
2021-04-04 768 -467 537 2303 
2021-04-05 1346 578 1494 0 
2021-04-06 701 -645 793 0 
2021-04-07 803 102 433 2429 
2021-04-08 478 -325 2384 0 
2021-04-09 541 63 1843 0 
2021-04-10 1128 587 715 0 
2021-04-11 707 -421 8 2857 
2021-04-12 749 42 2116 0 
2021-04-13 1072 323 1044 0 
2021-04-14 880 -192 164 2717 
2021-04-15 630 -250 2251 0 
2021-04-16 648 18 1603 0 
2021-04-17 1121 473 482 2406 
2021-04-18 513 -608 2375 0 
2021-04-19 469 -44 1906 0 
2021-04-20 534 65 1372 0 
2021-04-21 1204 670 168 2718 
2021-04-22 664 -540 2222 0 
2021-04-23 645 -19 1577 0 
2021-04-24 854 209 723 0 
2021-04-25 480 -374 243 2640 
2021-04-26 1291 811 243 2653 
2021-04-27 394 -897 2502 0 
2021-04-28 1371 977 1131 0 
2021-04-29 656 -715 475 2429 
2021-04-30 1273 617 1631 0 
2021-05-01 424 -849 1207 0 
2021-05-02 1101 677 106 2812 
2021-05-03 769 -332 2149 0 
2021-05-04 1292 523 857 0 
2021-05-05 265 -1027 592 2330 
2021-05-06 625 360 2297 0 
2021-05-07 452 -173 1845 0 
2021-05-08 656 204 1189 0 
2021-05-09 733 77 456 2458 
2021-05-10 286 -447 2628 0 
2021-05-11 1046 760 1582 0 
2021-05-12 1313 267 269 2655 
2021-05-13 832 -481 2092 0 
2021-05-14 881 49 1211 0 
2021-05-15 288 -593 923 0 
2021-05-16 0 -288 923 0 
2021-05-17 315 315 608 2293 
2021-05-18 245 -70 2656 0 
2021-05-19 583 338 2073 0 
2021-05-20 436 -147 1637 0 
2021-05-21 1271 835 366 2530 
2021-05-22 622 -649 2274 0 
2021-05-23 266 -356 2008 0 
2021-05-24 263 -3 1745 0 
2021-05-25 864 601 881 0 
2021-05-26 850 -14 31 2854 
2021-05-27 947 97 1938 0 
2021-05-28 1447 500 491 2412 
2021-05-29 260 -1187 2643 0 
2021-05-30 303 43 2340 0 
2021-05-31 262 -41 2078 0 
2021-06-01 975 713 1103 0 
2021-06-02 0 -975 1103 0 
2021-06-03 1050 1050 53 2827 
2021-06-04 1156 106 53 2835 
2021-06-05 492 -664 2396 0 
2021-06-06 899 407 1497 0 
2021-06-07 307 -592 1190 0 
2021-06-08 984 677 206 2680 
2021-06-09 457 -527 2429 0 
2021-06-10 455 -2 1974 0 
2021-06-11 397 -58 1577 0 
2021-06-12 432 35 1145 0 
2021-06-13 0 -432 1145 0 
2021-06-14 379 379 766 0 
2021-06-15 369 -10 397 2452 
2021-06-16 1095 726 1754 0 
2021-06-17 264 -831 1490 0 
2021-06-18 924 660 566 2286 
2021-06-19 0 -924 2852 0 
2021-06-20 860 860 1992 0 
2021-06-21 613 -247 1379 0 
2021-06-22 478 -135 901 0 
2021-06-23 426 -52 475 2362 
2021-06-24 700 274 2137 0 
2021-06-25 1214 514 923 0 
2021-06-26 461 -753 462 2380 
2021-06-27 911 450 1931 0 
2021-06-28 726 -185 1205 0 
2021-06-29 997 271 208 2642 
2021-06-30 1128 131 1722 0 
2021-07-01 324 -804 1398 0 
2021-07-02 -21 -345 1398 0 
2021-07-03 210 231 1188 0 
2021-07-04 481 271 707 0 
2021-07-05 1461 980 252 2591 
2021-07-06 513 -948 2330 0 
2021-07-07 709 196 1621 0 
2021-07-08 727 18 894 0 
2021-07-09 286 -441 608 2229 
2021-07-10 1032 746 1805 0 
2021-07-11 513 -519 1292 0 
2021-07-12 868 355 424 2418 
2021-07-13 915 47 1927 0 
2021-07-14 928 13 999 0 
2021-07-15 251 -677 748 0 
2021-07-16 1207 956 118 2731 
2021-07-17 1351 144 1498 0 
2021-07-18 253 -1098 1245 0 
2021-07-19 1382 1129 359 2503 
2021-07-20 504 -878 2358 0 
2021-07-21 387 -117 1971 0 
2021-07-22 742 355 1229 0 
2021-07-23 447 -295 782 0 
2021-07-24 667 220 115 2738 
2021-07-25 840 173 2013 0 
2021-07-26 468 -372 1545 0 
2021-07-27 949 481 596 2259 
2021-07-28 1301 352 1554 0 
2021-07-29 702 -599 852 0 
2021-07-30 684 -18 168 2695 
2021-07-31 0 -684 2863 0 
2021-08-01 609 609 2254 0 
2021-08-02 236 -373 2018 0 
2021-08-03 760 524 1258 0 
2021-08-04 547 -213 711 0 
2021-08-05 820 273 148 2701 
2021-08-06 176 -644 2673 0 
2021-08-07 1084 908 1589 0 
2021-08-08 0 -1084 1589 0 
2021-08-09 293 293 1296 0 
2021-08-10 922 629 374 2465 
2021-08-11 719 -203 2120 0 
2021-08-12 563 -156 1557 0 
2021-08-13 331 -232 1226 0 
2021-08-14 1112 781 114 2725 
2021-08-15 0 -1112 2839 0 
2021-08-16 526 526 2313 0 
2021-08-17 786 260 1527 0 
2021-08-18 502 -284 1025 0 
2021-08-19 631 129 394 2434 
2021-08-20 1246 615 1582 0 
2021-08-21 319 -927 1263 0 
2021-08-22 0 -319 1263 0 
2021-08-23 690 690 573 2250 
2021-08-24 230 -460 2593 0 
2021-08-25 1012 782 1581 0 
2021-08-26 331 -681 1250 0 
2021-08-27 980 649 270 2551 
2021-08-28 1199 219 1622 0 
2021-08-29 1289 90 333 2501 
2021-08-30 504 -785 2330 0 
2021-08-31 466 -38 1814 0 
2021-09-01 275 -191 1539 0 
2021-09-02 967 692 572 2257 
2021-09-03 569 -398 2260 0 
2021-09-04 916 347 1344 0 
2021-09-05 785 -131 559 2272 
2021-09-06 1007 222 1824 0 
2021-09-07 551 -456 1273 0 
2021-09-08 886 335 387 2449 
2021-09-09 627 -259 2209 0 
2021-09-10 977 350 1232 0 
2021-09-11 887 -90 345 2495 
2021-09-12 602 -285 2238 0 
2021-09-13 1368 766 870 0 
2021-09-14 193 -1175 677 2165 
2021-09-15 324 131 2518 0 
2021-09-16 843 519 1675 0 
2021-09-17 1151 308 524 2320 
2021-09-18 412 -739 112 2730 
2021-09-19 449 37 2393 0 
2021-09-20 720 271 1673 0 
2021-09-21 703 -17 970 0 
2021-09-22 1298 595 9 2837 
2021-09-23 0 -1298 2846 0 
2021-09-24 610 610 2236 0 
2021-09-25 769 159 1467 0 
2021-09-26 502 -267 965 0 
2021-09-27 1012 510 374 2467 
2021-09-28 0 -1012 2841 0 
2021-09-29 827 827 2014 0 
2021-09-30 582 -245 1432 0 
2021-10-01 533 -49 899 0 
2021-10-02 423 -110 476 2355 
2021-10-03 1563 1140 1268 0 
2021-10-04 786 -777 482 2359 
2021-10-05 871 85 1970 0 
2021-10-06 0 -871 1970 0 
2021-10-07 428 428 1542 0 
2021-10-08 790 362 752 0 
2021-10-09 887 97 266 2571 
2021-10-10 499 -388 56 2779 
2021-10-11 1090 591 56 2783 
2021-10-12 716 -374 2123 0 
2021-10-13 353 -363 1770 0 
2021-10-14 861 508 909 0 
2021-10-15 950 89 535 2305 
2021-10-16 575 -375 2265 0 
2021-10-17 482 -93 1783 0 
2021-10-18 940 458 843 0 
2021-10-19 915 -25 297 2545 
2021-10-20 1156 241 30 2817 
2021-10-21 1678 522 1169 0 
2021-10-22 645 -1033 524 2331 
2021-10-23 433 -212 2422 0 
2021-10-24 659 226 1763 0 
2021-10-25 737 78 1026 0 
2021-10-26 557 -180 469 2383 
2021-10-27 591 34 2261 0 
2021-10-28 243 -348 2018 0 
2021-10-29 548 305 1470 0 
2021-10-30 901 353 569 2279 
2021-10-31 426 -475 2422 0 
2021-11-01 1509 1083 913 0 
2021-11-02 941 -568 234 2621 
2021-11-03 428 -513 2427 0 
2021-11-04 647 219 1780 0 
2021-11-05 384 -263 1396 0 
2021-11-06 1182 798 214 2640 
2021-11-07 283 -899 2571 0 
2021-11-08 0 -283 2571 0 
2021-11-09 763 763 1808 0 
2021-11-10 622 -141 1186 0 
2021-11-11 726 104 460 2386 
2021-11-12 638 -88 2208 0 
2021-11-13 1428 790 780 0 
2021-11-14 624 -804 156 2696 
2021-11-15 1245 621 1607 0 
2021-11-16 0 -1245 1607 0 
2021-11-17 815 815 792 0 
2021-11-18 638 -177 154 2696 
2021-11-19 1237 599 1613 0 
2021-11-20 203 -1034 1410 0 
2021-11-21 1074 871 336 2519 
2021-11-22 885 -189 1970 0 
2021-11-23 842 -43 1128 0 
2021-11-24 1150 308 323 2538 
2021-11-25 867 -283 1994 0 
2021-11-26 602 -265 1392 0 
2021-11-27 565 -37 827 0 
2021-11-28 631 66 196 2664 
2021-11-29 1087 456 1773 0 
2021-11-30 1097 10 676 2191 
2021-12-01 995 -102 1872 0 
2021-12-02 321 -674 1551 0 
2021-12-03 352 31 1199 0 
2021-12-04 601 249 598 2265 
2021-12-05 1049 448 1814 0 
2021-12-06 0 -1049 1814 0 
2021-12-07 378 378 1436 0 
2021-12-08 948 570 488 2372 
2021-12-09 0 -948 2860 0 
2021-12-10 1038 1038 1822 0 
2021-12-11 0 -1038 1822 0 
2021-12-12 991 991 831 0 
2021-12-13 1460 469 135 2725 
2021-12-14 635 -825 2225 0 
2021-12-15 586 -49 1639 0 
2021-12-16 563 -23 1076 0 
2021-12-17 883 320 193 2667 
2021-12-18 858 -25 2002 0 
2021-12-19 264 -594 1738 0 
2021-12-20 447 183 1291 0 
2021-12-21 497 50 794 0 
2021-12-22 474 -23 320 2533 
2021-12-23 657 183 2196 0 
2021-12-24 697 40 1499 0 
2021-12-25 0 -697 1499 0 
2021-12-26 89 89 1410 0 
