date demand demandChange inventoryPosition leadTime orderQuantity
2021-01-01 0 0 10000 0 0 
2021-01-02 0 0 10000 96 0 
2021-01-03 0 0 10000 24 0 
2021-01-04 0 0 10000 96 0 
2021-01-05 0 0 10000 48 0 
2021-01-06 0 0 10000 24 0 
2021-01-07 0 0 10000 72 0 
2021-01-08 0 0 10000 48 0 
2021-01-09 0 0 10000 24 0 
2021-01-10 0 0 10000 0 0 
2021-01-11 2580 2580 7420 96 0 
2021-01-12 5649 3069 1771 24 2745 
2021-01-13 0 -5649 4516 24 0 
2021-01-14 0 0 4516 24 0 
2021-01-15 5525 5525 2043 0 3406 
2021-01-16 0 -5525 5449 24 0 
2021-01-17 2276 2276 3173 0 2233 
2021-01-18 0 -2276 3173 72 2054 
2021-01-19 8510 8510 2544 0 4524 
2021-01-20 0 -8510 2544 0 4135 
2021-01-21 0 0 2544 24 3776 
2021-01-22 2595 2595 2544 48 4046 
2021-01-23 5614 3019 6590 24 0 
2021-01-24 8038 2424 957 24 7492 
2021-01-25 0 -8038 8449 24 0 
2021-01-26 0 0 8449 120 0 
2021-01-27 0 0 8449 48 0 
2021-01-28 7340 7340 1109 24 7867 
2021-01-29 0 -7340 8976 48 0 
2021-01-30 0 0 8976 120 0 
2021-01-31 2997 2997 5979 24 3058 
2021-02-01 2289 -708 6748 24 0 
2021-02-02 0 -2289 6748 24 0 
2021-02-03 2346 2346 4402 24 4345 
2021-02-04 2956 610 5791 24 3054 
2021-02-05 2493 -463 3298 24 5576 
2021-02-06 0 -2493 3298 96 5582 
2021-02-07 2518 2518 780 24 8136 
2021-02-08 2951 433 5965 24 3031 
2021-02-09 2433 -518 6563 24 2450 
2021-02-10 2851 418 6162 96 3178 
2021-02-11 2881 30 6459 48 2973 
2021-02-12 0 -2881 9432 24 0 
2021-02-13 2349 2349 7083 96 0 
2021-02-14 0 -2349 7083 24 0 
2021-02-15 5326 5326 1757 0 7737 
2021-02-16 2744 -2582 6750 0 2789 
2021-02-17 0 -2744 9539 96 0 
2021-02-18 2878 2878 6661 24 2919 
2021-02-19 2406 -472 7174 48 0 
2021-02-20 0 -2406 7174 48 0 
2021-02-21 2746 2746 4428 24 5023 
2021-02-22 0 -2746 9451 24 0 
2021-02-23 4970 4970 4481 0 4994 
2021-02-24 0 -4970 9475 48 0 
2021-02-25 0 0 9475 72 0 
2021-02-26 5077 5077 4398 24 5023 
2021-02-27 0 -5077 9421 24 0 
2021-02-28 0 0 9421 72 0 
2021-03-01 5075 5075 4346 96 5184 
2021-03-02 0 -5075 9530 0 0 
2021-03-03 2293 2293 7237 48 0 
2021-03-04 2786 493 7237 24 0 
2021-03-05 2815 29 4422 24 5013 
2021-03-06 4909 2094 4526 0 5090 
2021-03-07 0 -4909 4526 48 4946 
2021-03-08 0 0 4526 48 4806 
2021-03-09 5387 5387 2069 48 7481 
2021-03-10 0 -5387 2069 24 7321 
2021-03-11 2783 2783 2069 72 7421 
2021-03-12 5399 2616 9490 96 0 
2021-03-13 7941 2542 9490 0 0 
2021-03-14 8335 394 1155 0 9392 
2021-03-15 0 -8335 1155 0 9236 
2021-03-16 0 0 10391 24 0 
2021-03-17 2765 2765 7626 24 2606 
2021-03-18 0 -2765 10232 48 0 
2021-03-19 5188 5188 5044 48 5221 
2021-03-20 0 -5188 10265 48 0 
2021-03-21 0 0 10265 0 0 
2021-03-22 4869 4869 5396 48 4745 
2021-03-23 0 -4869 10141 48 0 
2021-03-24 2599 2599 7542 72 0 
2021-03-25 0 -2599 7542 48 0 
2021-03-26 0 0 7542 48 0 
2021-03-27 2417 2417 5125 24 4720 
2021-03-28 5479 3062 4366 48 5642 
2021-03-29 0 -5479 4366 168 6044 
2021-03-30 2827 2827 7583 24 2835 
2021-03-31 5068 2241 8179 24 0 
2021-04-01 0 -5068 8179 48 0 
2021-04-02 2810 2810 8179 0 0 
2021-04-03 2801 -9 8179 48 0 
2021-04-04 7753 4952 8179 0 0 
2021-04-05 8538 785 2531 0 8459 
2021-04-06 0 -8538 10990 24 0 
2021-04-07 0 0 10990 24 0 
2021-04-08 4912 4912 6078 72 4805 
2021-04-09 0 -4912 10883 120 0 
2021-04-10 0 0 10883 0 0 
2021-04-11 4885 4885 5998 72 5013 
2021-04-12 2648 -2237 8363 120 2854 
2021-04-13 0 -2648 8363 0 2731 
2021-04-14 5202 5202 5892 24 5308 
2021-04-15 2741 -2461 8459 24 2735 
2021-04-16 0 -2741 11194 48 0 
2021-04-17 0 0 11194 24 0 
2021-04-18 2353 2353 8841 120 0 
2021-04-19 2298 -55 6543 48 4593 
2021-04-20 4636 2338 6500 24 4712 
2021-04-21 0 -4636 11212 0 0 
2021-04-22 0 0 11212 0 0 
2021-04-23 2929 2929 8283 96 2820 
2021-04-24 2610 -319 8493 24 0 
2021-04-25 2564 -46 5929 24 5154 
2021-04-26 0 -2564 5929 24 5041 
2021-04-27 5315 5315 5655 144 5692 
2021-04-28 0 -5315 11347 24 0 
2021-04-29 2608 2608 8739 24 0 
2021-04-30 2676 68 6063 72 5203 
2021-05-01 2470 -206 6063 48 5203 
2021-05-02 4691 2221 11266 24 0 
2021-05-03 4687 -4 6579 48 4841 
2021-05-04 2728 -1959 8692 48 2736 
2021-05-05 0 -2728 11428 24 0 
2021-05-06 2565 2565 8863 24 0 
2021-05-07 2629 64 6234 48 5079 
2021-05-08 2387 -242 3847 120 7615 
2021-05-09 0 -2387 11462 24 0 
2021-05-10 2449 2449 9013 24 0 
2021-05-11 0 -2449 9013 0 0 
2021-05-12 5128 5128 9013 24 0 
2021-05-13 5536 408 3477 0 7946 
2021-05-14 0 -5536 11423 24 0 
2021-05-15 2923 2923 8500 48 2836 
2021-05-16 2235 -688 9101 0 0 
2021-05-17 2336 101 6765 72 4579 
2021-05-18 2660 324 8684 24 0 
2021-05-19 2217 -443 6467 48 4858 
2021-05-20 2600 383 8725 24 0 
2021-05-21 2267 -333 6458 264 5708 
2021-05-22 0 -2267 12166 0 0 
2021-05-23 5425 5425 6741 24 5411 
2021-05-24 0 -5425 12152 96 0 
2021-05-25 2574 2574 9578 48 0 
2021-05-26 0 -2574 9578 72 0 
2021-05-27 4931 4931 7002 72 5172 
2021-05-28 0 -4931 12174 24 0 
2021-05-29 2496 2496 12174 72 0 
2021-05-30 2500 4 9674 72 0 
2021-05-31 4961 2461 7144 0 5047 
2021-06-01 0 -4961 12191 24 0 
2021-06-02 0 0 12191 24 0 
2021-06-03 5075 5075 7116 24 4953 
2021-06-04 0 -5075 12069 48 0 
2021-06-05 0 0 12069 0 0 
2021-06-06 2617 2617 9452 0 0 
2021-06-07 5199 2582 4253 0 7713 
2021-06-08 0 -5199 11966 24 0 
2021-06-09 0 0 11966 24 0 
2021-06-10 7576 7576 4390 0 7541 
2021-06-11 0 -7576 4390 24 7453 
2021-06-12 0 0 11843 0 0 
2021-06-13 2546 2546 9297 48 0 
2021-06-14 2862 316 6435 0 5324 
2021-06-15 0 -2862 11759 0 0 
2021-06-16 2537 2537 9222 24 0 
2021-06-17 0 -2537 9222 24 0 
2021-06-18 5067 5067 4155 24 7490 
2021-06-19 0 -5067 11645 48 0 
2021-06-20 5066 5066 6579 24 5057 
2021-06-21 2223 -2843 4356 24 7261 
2021-06-22 0 -2223 11617 24 0 
2021-06-23 2348 2348 9269 24 0 
2021-06-24 2602 254 6667 48 4857 
2021-06-25 2510 -92 9014 24 0 
2021-06-26 2811 301 6203 0 5311 
2021-06-27 0 -2811 11514 0 0 
2021-06-28 5259 5259 6255 216 5680 
2021-06-29 0 -5259 6255 48 5611 
2021-06-30 0 0 6255 48 5541 
2021-07-01 2666 2666 9130 48 2670 
2021-07-02 5405 2739 6395 72 5504 
2021-07-03 0 -5405 11899 120 0 
2021-07-04 2474 2474 9425 0 0 
2021-07-05 2525 51 6900 24 5012 
2021-07-06 2737 212 9175 72 2763 
2021-07-07 0 -2737 11938 24 0 
2021-07-08 2435 2435 9503 24 0 
2021-07-09 5071 2636 4432 0 7475 
2021-07-10 0 -5071 11907 0 0 
2021-07-11 2361 2361 9546 24 0 
2021-07-12 5031 2670 4515 24 7360 
2021-07-13 0 -5031 11875 72 0 
2021-07-14 0 0 11875 48 0 
2021-07-15 2437 2437 9438 24 0 
2021-07-16 0 -2437 9438 24 0 
2021-07-17 4920 4920 4518 72 7246 
2021-07-18 0 -4920 11764 48 0 
2021-07-19 2486 2486 9278 24 0 
2021-07-20 0 -2486 9278 0 0 
2021-07-21 0 0 9278 72 0 
2021-07-22 5499 5499 3779 0 7870 
2021-07-23 2377 -3122 9272 96 0 
2021-07-24 0 -2377 9272 48 0 
2021-07-25 2370 2370 6902 24 4722 
2021-07-26 2494 124 9130 0 0 
2021-07-27 2591 97 6539 48 5080 
2021-07-28 0 -2591 11619 72 0 
2021-07-29 0 0 11619 0 0 
2021-07-30 2688 2688 8931 24 0 
2021-07-31 5368 2680 3563 192 8282 
2021-08-01 0 -5368 11845 0 0 
2021-08-02 0 0 11845 24 0 
2021-08-03 2451 2451 9394 24 0 
2021-08-04 2888 437 9394 24 0 
2021-08-05 5219 2331 9394 48 0 
2021-08-06 5655 436 9394 24 0 
2021-08-07 8265 2610 9394 72 0 
2021-08-08 8504 239 890 48 11219 
2021-08-09 0 -8504 12109 0 0 
2021-08-10 0 0 12109 24 0 
2021-08-11 5234 5234 6875 72 5180 
2021-08-12 2835 -2399 9220 48 2841 
2021-08-13 2275 -560 9786 48 0 
2021-08-14 0 -2275 9786 0 0 
2021-08-15 2543 2543 7243 96 4794 
2021-08-16 2746 203 9291 72 2767 
2021-08-17 2590 -156 9468 24 0 
2021-08-18 0 -2590 9468 48 0 
2021-08-19 2719 2719 6749 0 5243 
2021-08-20 5512 2793 6480 144 5701 
2021-08-21 0 -5512 12181 48 0 
2021-08-22 0 0 12181 24 0 
2021-08-23 5134 5134 7047 72 5087 
2021-08-24 2350 -2784 12134 24 0 
2021-08-25 2776 426 12134 72 0 
2021-08-26 5290 2514 6844 48 5354 
2021-08-27 2658 -2632 9540 48 0 
2021-08-28 0 -2658 9540 48 0 
2021-08-29 2583 2583 6957 48 5186 
2021-08-30 0 -2583 12143 0 0 
2021-08-31 4576 4576 7567 0 4552 
2021-09-01 0 -4576 12119 48 0 
2021-09-02 0 0 12119 24 0 
2021-09-03 2554 2554 9565 0 0 
2021-09-04 2475 -79 7090 0 4903 
2021-09-05 2442 -33 9551 24 0 
2021-09-06 2287 -155 7264 24 4707 
2021-09-07 2635 348 9336 48 0 
2021-09-08 0 -2635 9336 24 0 
2021-09-09 2570 2570 6766 24 5140 
2021-09-10 2479 -91 4287 48 7618 
2021-09-11 2268 -211 2019 48 9879 
2021-09-12 2921 653 11898 24 0 
2021-09-13 2919 -2 8979 0 2920 
2021-09-14 2879 -40 9020 24 2877 
2021-09-15 0 -2879 11897 24 0 
2021-09-16 2291 2291 9606 24 0 
2021-09-17 4675 2384 4931 24 6930 
2021-09-18 0 -4675 11861 24 0 
2021-09-19 2617 2617 9244 24 0 
2021-09-20 0 -2617 9244 48 0 
2021-09-21 2401 2401 6843 24 4902 
2021-09-22 5123 2722 6622 48 5170 
2021-09-23 0 -5123 11792 96 0 
2021-09-24 0 0 11792 48 0 
2021-09-25 2362 2362 9430 24 0 
2021-09-26 0 -2362 9430 0 0 
2021-09-27 0 0 9430 24 0 
2021-09-28 7551 7551 1879 48 9836 
2021-09-29 0 -7551 11715 24 0 
2021-09-30 0 0 11715 24 0 
2021-10-01 5358 5358 6357 48 5305 
2021-10-02 2881 -2477 3476 0 8186 
2021-10-03 0 -2881 3476 24 8136 
2021-10-04 0 0 3476 24 8086 
2021-10-05 2451 2451 9111 0 0 
2021-10-06 5364 2913 3747 0 7851 
2021-10-07 0 -5364 3747 48 7809 
2021-10-08 2490 2490 1257 24 10291 
2021-10-09 2632 142 1257 0 10287 
2021-10-10 7539 4907 4005 96 7662 
2021-10-11 0 -7539 4005 96 7657 
2021-10-12 0 0 4005 24 7609 
2021-10-13 7573 7573 4041 0 7651 
2021-10-14 0 -7573 4041 0 7604 
2021-10-15 2320 2320 1721 24 9913 
2021-10-16 2461 141 9173 72 0 
2021-10-17 0 -2461 9173 24 0 
2021-10-18 2426 2426 6747 24 4846 
2021-10-19 2195 -231 9398 0 0 
2021-10-20 0 -2195 9398 0 0 
2021-10-21 2517 2517 6881 48 4655 
2021-10-22 2396 -121 9140 48 0 
2021-10-23 2622 226 6518 48 5018 
2021-10-24 0 -2622 6518 0 4972 
2021-10-25 2539 2539 3979 24 7505 
2021-10-26 5396 2857 6088 0 5436 
2021-10-27 0 -5396 11524 0 0 
2021-10-28 2494 2494 9030 0 0 
2021-10-29 5301 2807 3729 24 7782 
2021-10-30 0 -5301 11511 120 0 
2021-10-31 2558 2558 8953 24 0 
2021-11-01 0 -2558 8953 24 0 
2021-11-02 4707 4707 4246 24 7269 
2021-11-03 0 -4707 11515 0 0 
2021-11-04 0 0 11515 72 0 
2021-11-05 5306 5306 6209 144 5382 
2021-11-06 0 -5306 11591 0 0 
2021-11-07 2548 2548 9043 24 0 
2021-11-08 2310 -238 6733 24 4799 
2021-11-09 2575 265 8957 24 0 
2021-11-10 2463 -112 6494 48 5033 
2021-11-11 0 -2463 6494 0 4989 
2021-11-12 2454 2454 9029 24 0 
2021-11-13 2642 188 6387 48 5092 
2021-11-14 2534 -108 8945 24 0 
2021-11-15 0 -2534 8945 24 0 
2021-11-16 2319 2319 6626 48 4802 
2021-11-17 2624 305 8804 0 0 
2021-11-18 0 -2624 8804 48 0 
2021-11-19 2210 2210 6594 24 4785 
2021-11-20 0 -2210 11379 72 0 
2021-11-21 0 0 11379 24 0 
2021-11-22 7442 7442 3937 24 7442 
2021-11-23 0 -7442 11379 24 0 
2021-11-24 0 0 11379 24 0 
2021-11-25 7304 7304 4075 0 7285 
2021-11-26 0 -7304 4075 96 7284 
2021-11-27 0 0 4075 48 7249 
2021-11-28 7183 7183 1588 48 9803 
2021-11-29 0 -7183 11391 24 0 
2021-11-30 0 0 11391 24 0 
2021-12-01 2539 2539 8852 48 0 
2021-12-02 2748 209 6104 48 5210 
2021-12-03 2818 70 8496 24 2817 
2021-12-04 0 -2818 11313 72 0 
2021-12-05 2509 2509 8804 48 0 
2021-12-06 2835 326 5969 24 5322 
2021-12-07 2556 -279 8735 48 0 
2021-12-08 2357 -199 6378 0 4910 
2021-12-09 0 -2357 6378 72 4889 
2021-12-10 2665 2665 3713 24 7551 
2021-12-11 2268 -397 1445 0 9811 
2021-12-12 2745 477 1445 24 9809 
2021-12-13 2828 83 1445 24 9808 
2021-12-14 8045 5217 1445 24 9876 
2021-12-15 8052 7 1445 0 9945 
2021-12-16 8543 491 1445 72 10037 
2021-12-17 8549 6 1445 24 10110 
2021-12-18 8543 -6 1445 96 10221 
2021-12-19 8537 -6 1445 72 10312 
2021-12-20 8537 0 1445 120 10450 
2021-12-21 8536 -1 1445 48 10527 
2021-12-22 8580 44 1445 0 10600 
2021-12-23 8580 0 1445 24 10671 
2021-12-24 8587 7 1445 0 10741 
2021-12-25 8583 -4 1445 24 10811 
2021-12-26 8582 -1 1445 0 10881 
