date demand demandChange inventoryPosition orderQuantity
2021-01-01 763 0 9237 0 
2021-01-02 952 189 8285 0 
2021-01-03 1101 149 7184 0 
2021-01-04 309 -792 6875 0 
2021-01-05 1272 963 5603 0 
2021-01-06 478 -794 5125 0 
2021-01-07 740 262 4385 0 
2021-01-08 750 10 3635 0 
2021-01-09 203 -547 3432 0 
2021-01-10 888 685 2544 0 
2021-01-11 273 -615 2271 0 
2021-01-12 558 285 1713 0 
2021-01-13 903 345 810 0 
2021-01-14 1034 131 316 2656 
2021-01-15 772 -262 2200 0 
2021-01-16 856 84 1344 0 
2021-01-17 791 -65 553 2453 
2021-01-18 410 -381 2596 0 
2021-01-19 441 31 2155 0 
2021-01-20 654 213 1501 0 
2021-01-21 432 -222 1069 0 
2021-01-22 1277 845 300 2648 
2021-01-23 853 -424 2095 0 
2021-01-24 251 -602 1844 0 
2021-01-25 841 590 1003 0 
2021-01-26 793 -48 210 2724 
2021-01-27 1014 221 210 2752 
2021-01-28 407 -607 210 2722 
2021-01-29 750 343 43 2893 
2021-01-30 916 166 43 2910 
2021-01-31 1516 600 43 2975 
2021-02-01 1312 -204 43 3018 
2021-02-02 1244 -68 43 3055 
2021-02-03 410 -834 43 3028 
2021-02-04 679 269 2392 0 
2021-02-05 756 77 1636 0 
2021-02-06 790 34 846 0 
2021-02-07 498 -292 348 2700 
2021-02-08 462 -36 2586 0 
2021-02-09 647 185 1939 0 
2021-02-10 720 73 1219 0 
2021-02-11 664 -56 555 2460 
2021-02-12 535 -129 2480 0 
2021-02-13 955 420 1525 0 
2021-02-14 459 -496 1066 0 
2021-02-15 235 -224 831 0 
2021-02-16 299 64 532 2415 
2021-02-17 1494 1195 1453 0 
2021-02-18 362 -1132 1091 0 
2021-02-19 718 356 373 2595 
2021-02-20 787 69 2181 0 
2021-02-21 1272 485 909 0 
2021-02-22 631 -641 278 2714 
2021-02-23 881 250 2111 0 
2021-02-24 -72 -953 2111 0 
2021-02-25 815 887 1296 0 
2021-02-26 1699 884 367 2641 
2021-02-27 954 -745 2054 0 
2021-02-28 786 -168 1268 0 
2021-03-01 443 -343 825 0 
2021-03-02 46 -397 779 0 
2021-03-03 572 526 207 2764 
2021-03-04 529 -43 2442 0 
2021-03-05 485 -44 1957 0 
2021-03-06 656 171 1301 0 
2021-03-07 541 -115 760 0 
2021-03-08 931 390 240 2712 
2021-03-09 296 -635 2656 0 
2021-03-10 537 241 2119 0 
2021-03-11 468 -69 1651 0 
2021-03-12 1107 639 544 2390 
2021-03-13 951 -156 1983 0 
2021-03-14 1586 635 397 2576 
2021-03-15 410 -1176 2563 0 
2021-03-16 200 -210 2363 0 
2021-03-17 797 597 1566 0 
2021-03-18 294 -503 1272 0 
2021-03-19 776 482 496 2439 
2021-03-20 0 -776 2935 0 
2021-03-21 545 545 2390 0 
2021-03-22 923 378 1467 0 
2021-03-23 575 -348 892 0 
2021-03-24 474 -101 418 2484 
2021-03-25 1401 927 1501 0 
2021-03-26 519 -882 982 0 
2021-03-27 0 -519 982 0 
2021-03-28 1180 1180 496 2415 
2021-03-29 512 -668 2399 0 
2021-03-30 1584 1072 815 0 
2021-03-31 743 -841 72 2859 
2021-04-01 339 -404 2592 0 
2021-04-02 718 379 1874 0 
2021-04-03 1122 404 752 0 
2021-04-04 341 -781 411 2511 
2021-04-05 674 333 2248 0 
2021-04-06 708 34 1540 0 
2021-04-07 349 -359 1191 0 
2021-04-08 0 -349 1191 0 
2021-04-09 629 629 562 2329 
2021-04-10 991 362 1900 0 
2021-04-11 1178 187 722 0 
2021-04-12 830 -348 159 2755 
2021-04-13 1294 464 1620 0 
2021-04-14 739 -555 881 0 
2021-04-15 585 -154 296 2630 
2021-04-16 288 -297 2638 0 
2021-04-17 1150 862 1488 0 
2021-04-18 892 -258 596 2334 
2021-04-19 0 -892 596 2318 
2021-04-20 1374 1374 1540 0 
2021-04-21 978 -396 562 2373 
2021-04-22 942 -36 1993 0 
2021-04-23 817 -125 1176 0 
2021-04-24 1081 264 95 2855 
2021-04-25 332 -749 2618 0 
2021-04-26 1647 1315 971 0 
2021-04-27 226 -1421 745 0 
2021-04-28 370 144 375 2569 
2021-04-29 402 32 2542 0 
2021-04-30 471 69 2071 0 
2021-05-01 1058 587 1013 0 
2021-05-02 637 -421 376 2561 
2021-05-03 730 93 2207 0 
2021-05-04 443 -287 1764 0 
2021-05-05 359 -84 1405 0 
2021-05-06 541 182 864 0 
2021-05-07 964 423 312 2615 
2021-05-08 218 -746 2709 0 
2021-05-09 1052 834 1657 0 
2021-05-10 0 -1052 1657 0 
2021-05-11 1268 1268 389 2531 
2021-05-12 435 -833 2485 0 
2021-05-13 0 -435 2485 0 
2021-05-14 1130 1130 1355 0 
2021-05-15 275 -855 1080 0 
2021-05-16 35 -240 1045 0 
2021-05-17 690 655 355 2533 
2021-05-18 816 126 2072 0 
2021-05-19 446 -370 1626 0 
2021-05-20 1053 607 573 2320 
2021-05-21 931 -122 1962 0 
2021-05-22 1304 373 658 2250 
2021-05-23 599 -705 2309 0 
2021-05-24 833 234 1476 0 
2021-05-25 451 -382 1025 0 
2021-05-26 215 -236 810 0 
2021-05-27 1065 850 52 2849 
2021-05-28 1099 34 1802 0 
2021-05-29 987 -112 815 0 
2021-05-30 264 -723 551 2355 
2021-05-31 448 184 2458 0 
2021-06-01 797 349 1661 0 
2021-06-02 729 -68 932 0 
2021-06-03 535 -194 397 2504 
2021-06-04 518 -17 2383 0 
2021-06-05 1453 935 930 0 
2021-06-06 871 -582 59 2853 
2021-06-07 426 -445 2486 0 
2021-06-08 644 218 1842 0 
2021-06-09 490 -154 1352 0 
2021-06-10 1319 829 33 2881 
2021-06-11 484 -835 2430 0 
2021-06-12 418 -66 2012 0 
2021-06-13 825 407 1187 0 
2021-06-14 853 28 334 2575 
2021-06-15 891 38 2018 0 
2021-06-16 798 -93 1220 0 
2021-06-17 421 -377 799 0 
2021-06-18 607 186 192 2716 
2021-06-19 662 55 2246 0 
2021-06-20 1306 644 940 0 
2021-06-21 855 -451 85 2834 
2021-06-22 789 -66 2130 0 
2021-06-23 637 -152 1493 0 
2021-06-24 601 -36 892 0 
2021-06-25 321 -280 571 2340 
2021-06-26 716 395 2195 0 
2021-06-27 615 -101 1580 0 
2021-06-28 868 253 712 0 
2021-06-29 908 40 280 2636 
2021-06-30 927 19 1989 0 
2021-07-01 329 -598 1660 0 
2021-07-02 1013 684 647 2270 
2021-07-03 104 -909 2813 0 
2021-07-04 1057 953 1756 0 
2021-07-05 968 -89 788 0 
2021-07-06 637 -331 151 2765 
2021-07-07 219 -418 2697 0 
2021-07-08 941 722 1756 0 
2021-07-09 576 -365 1180 0 
2021-07-10 0 -576 1180 0 
2021-07-11 652 652 528 2373 
2021-07-12 605 -47 2296 0 
2021-07-13 269 -336 2027 0 
2021-07-14 636 367 1391 0 
2021-07-15 296 -340 1095 0 
2021-07-16 379 83 716 0 
2021-07-17 828 449 189 2697 
2021-07-18 372 -456 2514 0 
2021-07-19 1167 795 1347 0 
2021-07-20 390 -777 957 0 
2021-07-21 1209 819 205 2685 
2021-07-22 899 -310 1991 0 
2021-07-23 160 -739 1831 0 
2021-07-24 904 744 927 0 
2021-07-25 1047 143 282 2611 
2021-07-26 631 -416 2262 0 
2021-07-27 942 311 1320 0 
2021-07-28 1101 159 219 2680 
2021-07-29 62 -1039 2837 0 
2021-07-30 423 361 2414 0 
2021-07-31 922 499 1492 0 
2021-08-01 679 -243 813 0 
2021-08-02 797 118 16 2876 
2021-08-03 1093 296 1799 0 
2021-08-04 896 -197 903 0 
2021-08-05 566 -330 337 2561 
2021-08-06 845 279 2053 0 
2021-08-07 278 -567 1775 0 
2021-08-08 1329 1051 446 2455 
2021-08-09 887 -442 2014 0 
2021-08-10 411 -476 1603 0 
2021-08-11 1056 645 547 2357 
2021-08-12 388 -668 2516 0 
2021-08-13 695 307 1821 0 
2021-08-14 1034 339 787 0 
2021-08-15 942 -92 99 2808 
2021-08-16 769 -173 2138 0 
2021-08-17 797 28 1341 0 
2021-08-18 397 -400 944 0 
2021-08-19 641 244 303 2601 
2021-08-20 576 -65 2328 0 
2021-08-21 799 223 1529 0 
2021-08-22 721 -78 808 0 
2021-08-23 683 -38 125 2779 
2021-08-24 570 -113 2334 0 
2021-08-25 941 371 1393 0 
2021-08-26 363 -578 1030 0 
2021-08-27 394 31 636 2263 
2021-08-28 990 596 1909 0 
2021-08-29 1103 113 806 0 
2021-08-30 565 -538 241 2663 
2021-08-31 775 210 2129 0 
2021-09-01 661 -114 1468 0 
2021-09-02 584 -77 884 0 
2021-09-03 1541 957 31 2881 
2021-09-04 253 -1288 2659 0 
2021-09-05 1092 839 1567 0 
2021-09-06 633 -459 934 0 
2021-09-07 586 -47 348 2561 
2021-09-08 0 -586 2909 0 
2021-09-09 803 803 2106 0 
2021-09-10 821 18 1285 0 
2021-09-11 864 43 421 2485 
2021-09-12 1004 140 1902 0 
2021-09-13 622 -382 1280 0 
2021-09-14 768 146 512 2397 
2021-09-15 1127 359 1782 0 
2021-09-16 325 -802 1457 0 
2021-09-17 768 443 689 2220 
2021-09-18 1359 591 7 2909 
2021-09-19 401 -958 2515 0 
2021-09-20 691 290 1824 0 
2021-09-21 661 -30 1163 0 
2021-09-22 782 121 381 2533 
2021-09-23 1118 336 1796 0 
2021-09-24 1135 17 661 2261 
2021-09-25 459 -676 2463 0 
2021-09-26 1402 943 1061 0 
2021-09-27 781 -621 280 2646 
2021-09-28 772 -9 2154 0 
2021-09-29 1004 232 1150 0 
2021-09-30 1140 136 10 2924 
2021-10-01 996 -144 1938 0 
2021-10-02 0 -996 1938 0 
2021-10-03 149 149 1789 0 
2021-10-04 701 552 1088 0 
2021-10-05 354 -347 734 0 
2021-10-06 407 53 327 2592 
2021-10-07 807 400 2112 0 
2021-10-08 1008 201 1104 0 
2021-10-09 741 -267 363 2559 
2021-10-10 793 52 53 2869 
2021-10-11 888 95 53 2871 
2021-10-12 1041 153 1883 0 
2021-10-13 911 -130 972 0 
2021-10-14 1 -910 971 0 
2021-10-15 1149 1148 257 2670 
2021-10-16 324 -825 2603 0 
2021-10-17 741 417 1862 0 
2021-10-18 170 -571 1692 0 
2021-10-19 598 428 1094 0 
2021-10-20 716 118 378 2540 
2021-10-21 718 2 2200 0 
2021-10-22 393 -325 1807 0 
2021-10-23 1335 942 472 2449 
2021-10-24 0 -1335 2921 0 
2021-10-25 1061 1061 1860 0 
2021-10-26 668 -393 1192 0 
2021-10-27 669 1 523 2394 
2021-10-28 557 -112 2360 0 
2021-10-29 316 -241 2044 0 
2021-10-30 854 538 1190 0 
2021-10-31 1030 176 160 2756 
2021-11-01 1169 139 1747 0 
2021-11-02 314 -855 1433 0 
2021-11-03 252 -62 1181 0 
2021-11-04 1242 990 285 2632 
2021-11-05 1188 -54 1729 0 
2021-11-06 391 -797 1338 0 
2021-11-07 804 413 534 2385 
2021-11-08 1391 587 1528 0 
2021-11-09 927 -464 601 2326 
2021-11-10 664 -263 2263 0 
2021-11-11 712 48 1551 0 
2021-11-12 499 -213 1052 0 
2021-11-13 611 112 441 2483 
2021-11-14 313 -298 2611 0 
2021-11-15 0 -313 2611 0 
2021-11-16 969 969 1642 0 
2021-11-17 518 -451 1124 0 
2021-11-18 0 -518 1124 0 
2021-11-19 99 99 1025 0 
2021-11-20 246 147 779 0 
2021-11-21 1059 813 119 2785 
2021-11-22 909 -150 1995 0 
2021-11-23 1440 531 555 2357 
2021-11-24 1271 -169 1641 0 
2021-11-25 978 -293 663 2256 
2021-11-26 1430 452 1489 0 
2021-11-27 668 -762 821 0 
2021-11-28 682 14 139 2785 
2021-11-29 714 32 2210 0 
2021-11-30 1094 380 1116 0 
2021-12-01 770 -324 346 2581 
2021-12-02 1358 588 1569 0 
2021-12-03 1087 -271 482 2452 
2021-12-04 819 -268 2115 0 
2021-12-05 581 -238 1453 0 
2021-12-06 969 388 484 2452 
2021-12-07 486 -483 2450 0 
2021-12-08 0 -486 2450 0 
2021-12-09 1071 1071 1379 0 
2021-12-10 322 -749 1057 0 
2021-12-11 846 524 211 2718 
2021-12-12 1276 430 1653 0 
2021-12-13 669 -607 984 0 
2021-12-14 435 -234 549 2383 
2021-12-15 1072 637 1860 0 
2021-12-16 1270 198 590 2348 
2021-12-17 211 -1059 2727 0 
2021-12-18 848 637 1879 0 
2021-12-19 521 -327 1358 0 
2021-12-20 927 406 431 2504 
2021-12-21 689 -238 2246 0 
2021-12-22 414 -275 1832 0 
2021-12-23 462 48 1370 0 
2021-12-24 539 77 831 0 
2021-12-25 0 -539 831 0 
2021-12-26 835 835 385 2541 
