date demand demandChange inventoryPosition orderQuantity
2021-01-01 1200 0 8800 0 
2021-01-02 422 -778 8378 0 
2021-01-03 1250 828 7128 0 
2021-01-04 797 -453 6331 0 
2021-01-05 807 10 5524 0 
2021-01-06 765 -42 4759 0 
2021-01-07 1097 332 3662 0 
2021-01-08 1203 106 2459 0 
2021-01-09 754 -449 1705 0 
2021-01-10 723 -31 982 0 
2021-01-11 1149 426 170 3276 
2021-01-12 438 -711 3008 0 
2021-01-13 1153 715 1855 0 
2021-01-14 1149 -4 706 2734 
2021-01-15 0 -1149 3440 0 
2021-01-16 350 350 3090 0 
2021-01-17 439 89 2651 0 
2021-01-18 784 345 1867 0 
2021-01-19 1152 368 715 2487 
2021-01-20 790 -362 302 2896 
2021-01-21 417 -373 302 2848 
2021-01-22 804 387 302 2849 
2021-01-23 847 43 2304 0 
2021-01-24 446 -401 1858 0 
2021-01-25 791 345 1067 0 
2021-01-26 849 58 218 2907 
2021-01-27 515 -334 218 2882 
2021-01-28 338 -177 218 2842 
2021-01-29 438 100 218 2814 
2021-01-30 793 355 218 2817 
2021-01-31 750 -43 218 2817 
2021-02-01 445 -305 218 2792 
2021-02-02 402 -43 218 2767 
2021-02-03 353 -49 218 2737 
2021-02-04 728 375 218 2737 
2021-02-05 453 -275 2502 0 
2021-02-06 397 -56 2105 0 
2021-02-07 439 42 1666 0 
2021-02-08 1258 819 408 2525 
2021-02-09 1146 -112 1787 0 
2021-02-10 321 -825 1466 0 
2021-02-11 792 471 674 2266 
2021-02-12 878 86 2062 0 
2021-02-13 488 -390 1574 0 
2021-02-14 895 407 679 2268 
2021-02-15 436 -459 2511 0 
2021-02-16 778 342 1733 0 
2021-02-17 381 -397 1352 0 
2021-02-18 1163 782 189 2751 
2021-02-19 378 -785 2562 0 
2021-02-20 1181 803 1381 0 
2021-02-21 373 -808 1008 0 
2021-02-22 410 37 598 2316 
2021-02-23 767 357 2147 0 
2021-02-24 1213 446 934 0 
2021-02-25 792 -421 142 2802 
2021-02-26 0 -792 2944 0 
2021-02-27 417 417 2527 0 
2021-02-28 862 445 1665 0 
2021-03-01 372 -490 1293 0 
2021-03-02 347 -25 946 0 
2021-03-03 852 505 94 2789 
2021-03-04 829 -23 2054 0 
2021-03-05 391 -438 1663 0 
2021-03-06 402 11 1261 0 
2021-03-07 1133 731 128 2755 
2021-03-08 0 -1133 2883 0 
2021-03-09 827 827 2056 0 
2021-03-10 1184 357 872 0 
2021-03-11 421 -763 451 2419 
2021-03-12 1229 808 1641 0 
2021-03-13 794 -435 847 0 
2021-03-14 776 -18 71 2825 
2021-03-15 451 -325 2445 0 
2021-03-16 1307 856 1138 0 
2021-03-17 314 -993 824 0 
2021-03-18 1136 822 88 2821 
2021-03-19 808 -328 2101 0 
2021-03-20 0 -808 2101 0 
2021-03-21 1184 1184 917 0 
2021-03-22 1149 -35 136 2783 
2021-03-23 1136 -13 1783 0 
2021-03-24 770 -366 1013 0 
2021-03-25 864 94 149 2790 
2021-03-26 752 -112 2187 0 
2021-03-27 1252 500 935 0 
2021-03-28 1189 -63 188 2781 
2021-03-29 1195 6 1774 0 
2021-03-30 717 -478 1057 0 
2021-03-31 806 89 251 2732 
2021-04-01 834 28 2149 0 
2021-04-02 1201 367 948 0 
2021-04-03 790 -411 158 2842 
2021-04-04 875 85 2125 0 
2021-04-05 796 -79 1329 0 
2021-04-06 866 70 463 2545 
2021-04-07 417 -449 2591 0 
2021-04-08 821 404 1770 0 
2021-04-09 0 -821 1770 0 
2021-04-10 397 397 1373 0 
2021-04-11 0 -397 1373 0 
2021-04-12 747 747 626 2331 
2021-04-13 1186 439 1771 0 
2021-04-14 398 -788 1373 0 
2021-04-15 765 367 608 2354 
2021-04-16 442 -323 2520 0 
2021-04-17 823 381 1697 0 
2021-04-18 1246 423 451 2518 
2021-04-19 832 -414 2137 0 
2021-04-20 394 -438 1743 0 
2021-04-21 1187 793 556 2419 
2021-04-22 1194 7 1781 0 
2021-04-23 379 -815 1402 0 
2021-04-24 1124 745 278 2707 
2021-04-25 413 -711 2572 0 
2021-04-26 411 -2 2161 0 
2021-04-27 412 1 1749 0 
2021-04-28 839 427 910 0 
2021-04-29 1153 314 137 2839 
2021-04-30 364 -789 2612 0 
2021-05-01 413 49 2199 0 
2021-05-02 792 379 1407 0 
2021-05-03 0 -792 1407 0 
2021-05-04 798 798 609 2341 
2021-05-05 786 -12 2164 0 
2021-05-06 1130 344 1034 0 
2021-05-07 777 -353 257 2703 
2021-05-08 785 8 2175 0 
2021-05-09 1160 375 1015 0 
2021-05-10 833 -327 182 2790 
2021-05-11 922 89 2050 0 
2021-05-12 796 -126 1254 0 
2021-05-13 0 -796 1254 0 
2021-05-14 1216 1216 38 2934 
2021-05-15 389 -827 2583 0 
2021-05-16 424 35 2159 0 
2021-05-17 1114 690 1045 0 
2021-05-18 844 -270 201 2769 
2021-05-19 392 -452 2578 0 
2021-05-20 456 64 2122 0 
2021-05-21 759 303 1363 0 
2021-05-22 389 -370 974 0 
2021-05-23 417 28 557 2390 
2021-05-24 0 -417 2947 0 
2021-05-25 1150 1150 1797 0 
2021-05-26 323 -827 1474 0 
2021-05-27 347 24 1127 0 
2021-05-28 1265 918 241 2698 
2021-05-29 389 -876 2550 0 
2021-05-30 1185 796 1365 0 
2021-05-31 768 -417 597 2345 
2021-06-01 406 -362 2536 0 
2021-06-02 801 395 1735 0 
2021-06-03 773 -28 962 0 
2021-06-04 0 -773 962 0 
2021-06-05 802 802 160 2769 
2021-06-06 848 46 2081 0 
2021-06-07 434 -414 1647 0 
2021-06-08 854 420 793 0 
2021-06-09 1263 409 380 2557 
2021-06-10 770 -493 2167 0 
2021-06-11 1222 452 945 0 
2021-06-12 438 -784 507 2435 
2021-06-13 1266 828 1676 0 
2021-06-14 358 -908 1318 0 
2021-06-15 711 353 607 2337 
2021-06-16 800 89 2144 0 
2021-06-17 779 -21 1365 0 
2021-06-18 1225 446 140 2814 
2021-06-19 779 -446 2175 0 
2021-06-20 781 2 1394 0 
2021-06-21 896 115 498 2460 
2021-06-22 861 -35 2097 0 
2021-06-23 775 -86 1322 0 
2021-06-24 1184 409 138 2830 
2021-06-25 832 -352 2136 0 
2021-06-26 821 -11 1315 0 
2021-06-27 778 -43 537 2434 
2021-06-28 1250 472 1721 0 
2021-06-29 841 -409 880 0 
2021-06-30 720 -121 160 2820 
2021-07-01 1227 507 1753 0 
2021-07-02 404 -823 1349 0 
2021-07-03 434 30 915 0 
2021-07-04 858 424 57 2923 
2021-07-05 1118 260 1862 0 
2021-07-06 710 -408 1152 0 
2021-07-07 689 -21 463 2520 
2021-07-08 0 -689 2983 0 
2021-07-09 802 802 2181 0 
2021-07-10 819 17 1362 0 
2021-07-11 1207 388 155 2827 
2021-07-12 402 -805 2580 0 
2021-07-13 0 -402 2580 0 
2021-07-14 414 414 2166 0 
2021-07-15 818 404 1348 0 
2021-07-16 771 -47 577 2389 
2021-07-17 825 54 2141 0 
2021-07-18 396 -429 1745 0 
2021-07-19 833 437 912 0 
2021-07-20 797 -36 115 2850 
2021-07-21 416 -381 2549 0 
2021-07-22 392 -24 2157 0 
2021-07-23 436 44 1721 0 
2021-07-24 766 330 955 0 
2021-07-25 743 -23 212 2743 
2021-07-26 834 91 2121 0 
2021-07-27 348 -486 1773 0 
2021-07-28 1085 737 688 2267 
2021-07-29 1237 152 1718 0 
2021-07-30 370 -867 1348 0 
2021-07-31 771 401 577 2381 
2021-08-01 785 14 2173 0 
2021-08-02 0 -785 2173 0 
2021-08-03 440 440 1733 0 
2021-08-04 1159 719 574 2378 
2021-08-05 1261 102 1691 0 
2021-08-06 1061 -200 630 2332 
2021-08-07 705 -356 2257 0 
2021-08-08 375 -330 1882 0 
2021-08-09 1169 794 713 2250 
2021-08-10 755 -414 2208 0 
2021-08-11 348 -407 1860 0 
2021-08-12 713 365 1147 0 
2021-08-13 1199 486 349 2616 
2021-08-14 404 -795 2561 0 
2021-08-15 401 -3 2160 0 
2021-08-16 437 36 1723 0 
2021-08-17 775 338 948 0 
2021-08-18 424 -351 524 2428 
2021-08-19 854 430 2098 0 
2021-08-20 394 -460 1704 0 
2021-08-21 883 489 821 0 
2021-08-22 0 -883 821 0 
2021-08-23 1163 1163 25 2922 
2021-08-24 1266 103 1681 0 
2021-08-25 320 -946 1361 0 
2021-08-26 1228 908 133 2822 
2021-08-27 793 -435 2162 0 
2021-08-28 1277 484 885 0 
2021-08-29 440 -837 445 2513 
2021-08-30 802 362 2156 0 
2021-08-31 1151 349 1005 0 
2021-09-01 1167 16 165 2803 
2021-09-02 354 -813 2614 0 
2021-09-03 0 -354 2614 0 
2021-09-04 776 776 1838 0 
2021-09-05 418 -358 1420 0 
2021-09-06 1161 743 259 2699 
2021-09-07 419 -742 2539 0 
2021-09-08 728 309 1811 0 
2021-09-09 797 69 1014 0 
2021-09-10 384 -413 630 2323 
2021-09-11 0 -384 2953 0 
2021-09-12 710 710 2243 0 
2021-09-13 1260 550 983 0 
2021-09-14 790 -470 193 2759 
2021-09-15 793 3 2159 0 
2021-09-16 419 -374 1740 0 
2021-09-17 905 486 835 0 
2021-09-18 841 -64 392 2560 
2021-09-19 1119 278 1833 0 
2021-09-20 1319 200 514 2448 
2021-09-21 379 -940 135 2823 
2021-09-22 406 27 2552 0 
2021-09-23 334 -72 2218 0 
2021-09-24 1146 812 1072 0 
2021-09-25 372 -774 700 2252 
2021-09-26 1192 820 1760 0 
2021-09-27 1148 -44 612 2348 
2021-09-28 466 -682 2494 0 
2021-09-29 432 -34 2062 0 
2021-09-30 793 361 1269 0 
2021-10-01 339 -454 930 0 
2021-10-02 769 430 161 2792 
2021-10-03 829 60 2124 0 
2021-10-04 1083 254 1041 0 
2021-10-05 858 -225 183 2775 
2021-10-06 323 -535 2635 0 
2021-10-07 1251 928 1384 0 
2021-10-08 802 -449 582 2378 
2021-10-09 1067 265 227 2736 
2021-10-10 1186 119 1777 0 
2021-10-11 365 -821 1412 0 
2021-10-12 850 485 562 2403 
2021-10-13 1244 394 1721 0 
2021-10-14 774 -470 947 0 
2021-10-15 819 45 128 2843 
2021-10-16 398 -421 2573 0 
2021-10-17 399 1 2174 0 
2021-10-18 1145 746 1029 0 
2021-10-19 814 -331 215 2755 
2021-10-20 797 -17 2173 0 
2021-10-21 1204 407 969 0 
2021-10-22 796 -408 173 2802 
2021-10-23 446 -350 2529 0 
2021-10-24 827 381 1702 0 
2021-10-25 831 4 871 0 
2021-10-26 691 -140 180 2794 
2021-10-27 1094 403 1880 0 
2021-10-28 1221 127 659 2322 
2021-10-29 774 -447 2207 0 
2021-10-30 810 36 1397 0 
2021-10-31 899 89 498 2485 
2021-11-01 0 -899 2983 0 
2021-11-02 755 755 2228 0 
2021-11-03 775 20 1453 0 
2021-11-04 711 -64 742 0 
2021-11-05 397 -314 345 2630 
2021-11-06 0 -397 2975 0 
2021-11-07 385 385 2590 0 
2021-11-08 394 9 2196 0 
2021-11-09 751 357 1445 0 
2021-11-10 777 26 668 2296 
2021-11-11 425 -352 2539 0 
2021-11-12 745 320 1794 0 
2021-11-13 836 91 958 0 
2021-11-14 1181 345 150 2817 
2021-11-15 776 -405 2191 0 
2021-11-16 828 52 1363 0 
2021-11-17 386 -442 977 0 
2021-11-18 847 461 130 2835 
2021-11-19 0 -847 2965 0 
2021-11-20 0 0 2965 0 
2021-11-21 1213 1213 1752 0 
2021-11-22 409 -804 1343 0 
2021-11-23 1222 813 121 2839 
2021-11-24 1140 -82 1820 0 
2021-11-25 783 -357 1037 0 
2021-11-26 1285 502 172 2795 
2021-11-27 405 -880 2562 0 
2021-11-28 1218 813 1344 0 
2021-11-29 360 -858 984 0 
2021-11-30 1358 998 50 2920 
2021-12-01 397 -961 2573 0 
2021-12-02 820 423 1753 0 
2021-12-03 833 13 920 0 
2021-12-04 817 -16 103 2867 
2021-12-05 434 -383 2536 0 
2021-12-06 371 -63 2165 0 
2021-12-07 380 9 1785 0 
2021-12-08 799 419 986 0 
2021-12-09 390 -409 596 2364 
2021-12-10 820 430 2140 0 
2021-12-11 803 -17 1337 0 
2021-12-12 1167 364 170 2795 
2021-12-13 420 -747 2545 0 
2021-12-14 835 415 1710 0 
2021-12-15 750 -85 960 0 
2021-12-16 844 94 116 2849 
2021-12-17 448 -396 2517 0 
2021-12-18 0 -448 2517 0 
2021-12-19 820 820 1697 0 
2021-12-20 425 -395 1272 0 
2021-12-21 1181 756 91 2869 
2021-12-22 422 -759 2538 0 
2021-12-23 701 279 1837 0 
2021-12-24 765 64 1072 0 
2021-12-25 850 85 222 2736 
2021-12-26 823 -27 2135 0 
