date demand demandChange inventoryPosition orderQuantity
2021-01-01 449 0 9551 0 
2021-01-02 1155 706 8396 0 
2021-01-03 749 -406 7647 0 
2021-01-04 893 144 6754 0 
2021-01-05 777 -116 5977 0 
2021-01-06 824 47 5153 0 
2021-01-07 800 -24 4353 0 
2021-01-08 848 48 3505 0 
2021-01-09 1162 314 2343 0 
2021-01-10 398 -764 1945 0 
2021-01-11 372 -26 1573 0 
2021-01-12 1177 805 396 2751 
2021-01-13 765 -412 2382 0 
2021-01-14 830 65 1552 0 
2021-01-15 463 -367 1089 0 
2021-01-16 421 -42 668 2367 
2021-01-17 394 -27 2641 0 
2021-01-18 381 -13 2260 0 
2021-01-19 862 481 1398 0 
2021-01-20 449 -413 949 0 
2021-01-21 1088 639 225 2737 
2021-01-22 796 -292 225 2745 
2021-01-23 375 -421 2595 0 
2021-01-24 866 491 1729 0 
2021-01-25 790 -76 939 0 
2021-01-26 806 16 133 2829 
2021-01-27 1185 379 133 2872 
2021-01-28 781 -404 133 2875 
2021-01-29 0 -781 3008 0 
2021-01-30 1198 1198 1810 0 
2021-01-31 772 -426 1038 0 
2021-02-01 342 -430 696 2260 
2021-02-02 1192 850 320 2672 
2021-02-03 1089 -103 1903 0 
2021-02-04 401 -688 1502 0 
2021-02-05 352 -49 1150 0 
2021-02-06 394 42 756 0 
2021-02-07 1146 752 46 2926 
2021-02-08 809 -337 2163 0 
2021-02-09 416 -393 1747 0 
2021-02-10 741 325 1006 0 
2021-02-11 749 8 257 2702 
2021-02-12 1221 472 1738 0 
2021-02-13 796 -425 942 0 
2021-02-14 343 -453 599 2371 
2021-02-15 347 4 2623 0 
2021-02-16 406 59 2217 0 
2021-02-17 1246 840 971 0 
2021-02-18 359 -887 612 2328 
2021-02-19 388 29 2552 0 
2021-02-20 806 418 1746 0 
2021-02-21 440 -366 1306 0 
2021-02-22 503 63 803 0 
2021-02-23 832 329 364 2547 
2021-02-24 1157 325 1754 0 
2021-02-25 408 -749 1346 0 
2021-02-26 766 358 580 2341 
2021-02-27 741 -25 2180 0 
2021-02-28 1225 484 955 0 
2021-03-01 743 -482 212 2733 
2021-03-02 486 -257 2459 0 
2021-03-03 981 495 1478 0 
2021-03-04 0 -981 1478 0 
2021-03-05 743 743 735 0 
2021-03-06 908 165 280 2646 
2021-03-07 796 -112 2130 0 
2021-03-08 1186 390 944 0 
2021-03-09 823 -363 121 2831 
2021-03-10 759 -64 2193 0 
2021-03-11 439 -320 1754 0 
2021-03-12 1196 757 558 2402 
2021-03-13 796 -400 2164 0 
2021-03-14 0 -796 2164 0 
2021-03-15 428 428 1736 0 
2021-03-16 1262 834 474 2471 
2021-03-17 1275 13 1670 0 
2021-03-18 878 -397 792 0 
2021-03-19 815 -63 378 2594 
2021-03-20 781 -34 2191 0 
2021-03-21 1227 446 964 0 
2021-03-22 0 -1227 964 0 
2021-03-23 802 802 162 2806 
2021-03-24 1258 456 1710 0 
2021-03-25 726 -532 984 0 
2021-03-26 688 -38 296 2687 
2021-03-27 412 -276 2571 0 
2021-03-28 715 303 1856 0 
2021-03-29 415 -300 1441 0 
2021-03-30 396 -19 1045 0 
2021-03-31 339 -57 706 2238 
2021-04-01 422 83 2522 0 
2021-04-02 855 433 1667 0 
2021-04-03 450 -405 1217 0 
2021-04-04 791 341 426 2508 
2021-04-05 419 -372 2515 0 
2021-04-06 1117 698 1398 0 
2021-04-07 412 -705 986 0 
2021-04-08 1232 820 125 2817 
2021-04-09 838 -394 2104 0 
2021-04-10 392 -446 1712 0 
2021-04-11 438 46 1274 0 
2021-04-12 736 298 538 2392 
2021-04-13 0 -736 2930 0 
2021-04-14 1161 1161 1769 0 
2021-04-15 802 -359 967 0 
2021-04-16 852 50 115 2814 
2021-04-17 1309 457 115 2829 
2021-04-18 894 -415 115 2832 
2021-04-19 387 -507 115 2825 
2021-04-20 782 395 115 2827 
2021-04-21 413 -369 115 2819 
2021-04-22 1228 815 115 2831 
2021-04-23 1134 -94 1812 0 
2021-04-24 752 -382 1060 0 
2021-04-25 0 -752 1060 0 
2021-04-26 432 432 628 2306 
2021-04-27 370 -62 2564 0 
2021-04-28 846 476 1718 0 
2021-04-29 839 -7 879 0 
2021-04-30 1261 422 47 2896 
2021-05-01 870 -391 2073 0 
2021-05-02 867 -3 1206 0 
2021-05-03 0 -867 1206 0 
2021-05-04 686 686 520 2414 
2021-05-05 812 126 2122 0 
2021-05-06 772 -40 1350 0 
2021-05-07 797 25 553 2386 
2021-05-08 1334 537 1605 0 
2021-05-09 363 -971 1242 0 
2021-05-10 419 56 823 0 
2021-05-11 819 400 4 2936 
2021-05-12 885 66 2055 0 
2021-05-13 1187 302 868 0 
2021-05-14 382 -805 486 2459 
2021-05-15 432 50 2513 0 
2021-05-16 760 328 1753 0 
2021-05-17 853 93 900 0 
2021-05-18 1233 380 105 2848 
2021-05-19 713 -520 2240 0 
2021-05-20 401 -312 1839 0 
2021-05-21 737 336 1102 0 
2021-05-22 797 60 305 2644 
2021-05-23 866 69 2083 0 
2021-05-24 1188 322 895 0 
2021-05-25 1208 20 26 2942 
2021-05-26 736 -472 2232 0 
2021-05-27 778 42 1454 0 
2021-05-28 1138 360 316 2660 
2021-05-29 386 -752 2590 0 
2021-05-30 1212 826 1378 0 
2021-05-31 762 -450 616 2362 
2021-06-01 772 10 2206 0 
2021-06-02 842 70 1364 0 
2021-06-03 381 -461 983 0 
2021-06-04 347 -34 636 2333 
2021-06-05 757 410 2212 0 
2021-06-06 845 88 1367 0 
2021-06-07 877 32 490 2483 
2021-06-08 414 -463 2559 0 
2021-06-09 0 -414 2559 0 
2021-06-10 793 793 1766 0 
2021-06-11 816 23 950 0 
2021-06-12 1235 419 156 2811 
2021-06-13 873 -362 2094 0 
2021-06-14 1214 341 880 0 
2021-06-15 367 -847 513 2459 
2021-06-16 738 371 2234 0 
2021-06-17 786 48 1448 0 
2021-06-18 768 -18 680 2293 
2021-06-19 402 -366 2571 0 
2021-06-20 840 438 1731 0 
2021-06-21 828 -12 903 0 
2021-06-22 793 -35 110 2862 
2021-06-23 658 -135 2314 0 
2021-06-24 1307 649 1007 0 
2021-06-25 835 -472 172 2809 
2021-06-26 852 17 172 2811 
2021-06-27 1216 364 172 2818 
2021-06-28 800 -416 172 2818 
2021-06-29 762 -38 2228 0 
2021-06-30 1085 323 1143 0 
2021-07-01 366 -719 777 0 
2021-07-02 757 391 20 2971 
2021-07-03 1262 505 1729 0 
2021-07-04 827 -435 902 0 
2021-07-05 1161 334 139 2866 
2021-07-06 1167 6 1838 0 
2021-07-07 424 -743 1414 0 
2021-07-08 758 334 656 2350 
2021-07-09 466 -292 2540 0 
2021-07-10 770 304 1770 0 
2021-07-11 795 25 975 0 
2021-07-12 1182 387 179 2831 
2021-07-13 729 -453 2281 0 
2021-07-14 362 -367 1919 0 
2021-07-15 358 -4 1561 0 
2021-07-16 721 363 840 0 
2021-07-17 1359 638 400 2607 
2021-07-18 816 -543 2191 0 
2021-07-19 383 -433 1808 0 
2021-07-20 310 -73 1498 0 
2021-07-21 851 541 647 2353 
2021-07-22 346 -505 2654 0 
2021-07-23 1253 907 1401 0 
2021-07-24 1264 11 137 2870 
2021-07-25 846 -418 2161 0 
2021-07-26 1190 344 971 0 
2021-07-27 367 -823 604 2406 
2021-07-28 746 379 2264 0 
2021-07-29 786 40 1478 0 
2021-07-30 750 -36 728 2282 
2021-07-31 803 53 2207 0 
2021-08-01 1192 389 1015 0 
2021-08-02 757 -435 258 2758 
2021-08-03 1150 393 1866 0 
2021-08-04 440 -710 1426 0 
2021-08-05 851 411 575 2443 
2021-08-06 821 -30 2197 0 
2021-08-07 1218 397 979 0 
2021-08-08 1250 32 163 2867 
2021-08-09 1184 -66 1846 0 
2021-08-10 1259 75 587 2454 
2021-08-11 817 -442 2224 0 
2021-08-12 1209 392 1015 0 
2021-08-13 427 -782 588 2455 
2021-08-14 817 390 2226 0 
2021-08-15 1216 399 1010 0 
2021-08-16 439 -777 571 2474 
2021-08-17 777 338 2268 0 
2021-08-18 903 126 1365 0 
2021-08-19 420 -483 945 0 
2021-08-20 826 406 119 2924 
2021-08-21 1248 422 1795 0 
2021-08-22 791 -457 1004 0 
2021-08-23 708 -83 296 2752 
2021-08-24 409 -299 2639 0 
2021-08-25 698 289 1941 0 
2021-08-26 441 -257 1500 0 
2021-08-27 1067 626 433 2611 
2021-08-28 842 -225 2202 0 
2021-08-29 416 -426 1786 0 
2021-08-30 743 327 1043 0 
2021-08-31 464 -279 579 2459 
2021-09-01 750 286 2288 0 
2021-09-02 808 58 1480 0 
2021-09-03 0 -808 1480 0 
2021-09-04 1127 1127 353 2682 
2021-09-05 1235 108 1800 0 
2021-09-06 755 -480 1045 0 
2021-09-07 0 -755 1045 0 
2021-09-08 1137 1137 277 2759 
2021-09-09 823 -314 2213 0 
2021-09-10 351 -472 1862 0 
2021-09-11 857 506 1005 0 
2021-09-12 904 47 101 2934 
2021-09-13 831 -73 2204 0 
2021-09-14 786 -45 1418 0 
2021-09-15 425 -361 993 0 
2021-09-16 457 32 536 2494 
2021-09-17 338 -119 2692 0 
2021-09-18 1199 861 1493 0 
2021-09-19 1281 82 212 2823 
2021-09-20 825 -456 2210 0 
2021-09-21 351 -474 1859 0 
2021-09-22 841 490 1018 0 
2021-09-23 0 -841 1018 0 
2021-09-24 806 806 212 2814 
2021-09-25 409 -397 2617 0 
2021-09-26 0 -409 2617 0 
2021-09-27 0 0 2617 0 
2021-09-28 831 831 1786 0 
2021-09-29 421 -410 1365 0 
2021-09-30 788 367 577 2431 
2021-10-01 333 -455 2675 0 
2021-10-02 818 485 1857 0 
2021-10-03 795 -23 1062 0 
2021-10-04 325 -470 737 2264 
2021-10-05 1180 855 1821 0 
2021-10-06 787 -393 1034 0 
2021-10-07 0 -787 1034 0 
2021-10-08 451 451 583 2413 
2021-10-09 898 447 2098 0 
2021-10-10 745 -153 1353 0 
2021-10-11 838 93 515 2483 
2021-10-12 777 -61 2221 0 
2021-10-13 1170 393 1051 0 
2021-10-14 367 -803 684 2316 
2021-10-15 757 390 2243 0 
2021-10-16 377 -380 1866 0 
2021-10-17 383 6 1483 0 
2021-10-18 1173 790 310 2687 
2021-10-19 357 -816 2640 0 
2021-10-20 758 401 1882 0 
2021-10-21 843 85 1039 0 
2021-10-22 1172 329 282 2716 
2021-10-23 791 -381 282 2716 
2021-10-24 773 -18 2225 0 
2021-10-25 481 -292 1744 0 
2021-10-26 420 -61 1324 0 
2021-10-27 1203 783 121 2877 
2021-10-28 1173 -30 1825 0 
2021-10-29 1206 33 619 2386 
2021-10-30 923 -283 2082 0 
2021-10-31 868 -55 1214 0 
2021-11-01 695 -173 519 2489 
2021-11-02 353 -342 2655 0 
2021-11-03 404 51 2251 0 
2021-11-04 432 28 1819 0 
2021-11-05 1221 789 598 2405 
2021-11-06 812 -409 2191 0 
2021-11-07 1194 382 997 0 
2021-11-08 756 -438 241 2766 
2021-11-09 817 61 2190 0 
2021-11-10 371 -446 1819 0 
2021-11-11 1170 799 649 2359 
2021-11-12 822 -348 2186 0 
2021-11-13 396 -426 1790 0 
2021-11-14 763 367 1027 0 
2021-11-15 474 -289 553 2451 
2021-11-16 762 288 2242 0 
2021-11-17 1305 543 937 0 
2021-11-18 712 -593 225 2783 
2021-11-19 732 20 2276 0 
2021-11-20 1225 493 1051 0 
2021-11-21 437 -788 614 2396 
2021-11-22 1110 673 1900 0 
2021-11-23 424 -686 1476 0 
2021-11-24 1319 895 157 2858 
2021-11-25 419 -900 2596 0 
2021-11-26 1249 830 1347 0 
2021-11-27 786 -463 561 2455 
2021-11-28 1235 449 1781 0 
2021-11-29 424 -811 1357 0 
2021-11-30 373 -51 984 0 
2021-12-01 847 474 137 2878 
2021-12-02 805 -42 2210 0 
2021-12-03 895 90 1315 0 
2021-12-04 809 -86 506 2511 
2021-12-05 1167 358 1850 0 
2021-12-06 807 -360 1043 0 
2021-12-07 800 -7 243 2778 
2021-12-08 424 -376 2597 0 
2021-12-09 871 447 1726 0 
2021-12-10 459 -412 1267 0 
2021-12-11 399 -60 868 0 
2021-12-12 778 379 90 2925 
2021-12-13 1134 356 1881 0 
2021-12-14 761 -373 1120 0 
2021-12-15 403 -358 717 2298 
2021-12-16 768 365 2247 0 
2021-12-17 1123 355 1124 0 
2021-12-18 874 -249 250 2769 
2021-12-19 880 6 2139 0 
2021-12-20 334 -546 1805 0 
2021-12-21 828 494 977 0 
2021-12-22 773 -55 204 2814 
2021-12-23 1198 425 204 2817 
2021-12-24 824 -374 2197 0 
2021-12-25 412 -412 1785 0 
2021-12-26 784 372 1001 0 
