date demand demandChange inventoryPosition orderQuantity
2021-01-01 106 0 9894 0 
2021-01-02 459 353 9435 0 
2021-01-03 579 120 8856 0 
2021-01-04 1177 598 7679 0 
2021-01-05 513 -664 7166 0 
2021-01-06 1144 631 6022 0 
2021-01-07 1299 155 4723 0 
2021-01-08 673 -626 4050 0 
2021-01-09 1644 971 2406 0 
2021-01-10 203 -1441 2203 0 
2021-01-11 1297 1094 906 0 
2021-01-12 443 -854 463 2670 
2021-01-13 793 350 2340 0 
2021-01-14 861 68 1479 0 
2021-01-15 0 -861 1479 0 
2021-01-16 931 931 548 2493 
2021-01-17 618 -313 2423 0 
2021-01-18 840 222 1583 0 
2021-01-19 1270 430 313 2788 
2021-01-20 632 -638 2469 0 
2021-01-21 405 -227 2064 0 
2021-01-22 721 316 1343 0 
2021-01-23 1182 461 161 2920 
2021-01-24 0 -1182 161 2839 
2021-01-25 685 685 161 2833 
2021-01-26 750 65 161 2834 
2021-01-27 614 -136 161 2822 
2021-01-28 1261 647 161 2870 
2021-01-29 799 -462 47 2988 
2021-01-30 181 -618 47 2939 
2021-01-31 243 62 47 2900 
2021-02-01 957 714 47 2918 
2021-02-02 837 -120 47 2926 
2021-02-03 620 -217 47 2918 
2021-02-04 748 128 47 2920 
2021-02-05 629 -119 14 2946 
2021-02-06 1242 613 14 2981 
2021-02-07 683 -559 2312 0 
2021-02-08 1297 614 1015 0 
2021-02-09 708 -589 307 2718 
2021-02-10 753 45 2272 0 
2021-02-11 593 -160 1679 0 
2021-02-12 1248 655 431 2614 
2021-02-13 318 -930 2727 0 
2021-02-14 647 329 2080 0 
2021-02-15 450 -197 1630 0 
2021-02-16 213 -237 1417 0 
2021-02-17 660 447 757 0 
2021-02-18 1182 522 64 2924 
2021-02-19 1090 -92 1898 0 
2021-02-20 833 -257 1065 0 
2021-02-21 454 -379 611 2386 
2021-02-22 427 -27 2570 0 
2021-02-23 535 108 2035 0 
2021-02-24 691 156 1344 0 
2021-02-25 413 -278 931 0 
2021-02-26 653 240 278 2675 
2021-02-27 169 -484 2784 0 
2021-02-28 1001 832 1783 0 
2021-03-01 0 -1001 1783 0 
2021-03-02 1011 1011 772 0 
2021-03-03 1180 169 323 2619 
2021-03-04 669 -511 2273 0 
2021-03-05 859 190 1414 0 
2021-03-06 933 74 481 2474 
2021-03-07 819 -114 2136 0 
2021-03-08 0 -819 2136 0 
2021-03-09 980 980 1156 0 
2021-03-10 1103 123 53 2902 
2021-03-11 294 -809 2661 0 
2021-03-12 603 309 2058 0 
2021-03-13 880 277 1178 0 
2021-03-14 618 -262 560 2377 
2021-03-15 1008 390 1929 0 
2021-03-16 409 -599 1520 0 
2021-03-17 233 -176 1287 0 
2021-03-18 865 632 422 2504 
2021-03-19 347 -518 2579 0 
2021-03-20 716 369 1863 0 
2021-03-21 996 280 867 0 
2021-03-22 795 -201 72 2854 
2021-03-23 0 -795 2926 0 
2021-03-24 530 530 2396 0 
2021-03-25 554 24 1842 0 
2021-03-26 208 -346 1634 0 
2021-03-27 169 -39 1465 0 
2021-03-28 1428 1259 37 2848 
2021-03-29 1353 -75 1532 0 
2021-03-30 519 -834 1013 0 
2021-03-31 1001 482 12 2896 
2021-04-01 384 -617 2524 0 
2021-04-02 540 156 1984 0 
2021-04-03 1317 777 667 2244 
2021-04-04 1049 -268 1862 0 
2021-04-05 0 -1049 1862 0 
2021-04-06 773 773 1089 0 
2021-04-07 669 -104 420 2482 
2021-04-08 570 -99 2332 0 
2021-04-09 1207 637 1125 0 
2021-04-10 127 -1080 998 0 
2021-04-11 642 515 356 2540 
2021-04-12 624 -18 2272 0 
2021-04-13 260 -364 2012 0 
2021-04-14 424 164 1588 0 
2021-04-15 308 -116 1280 0 
2021-04-16 936 628 344 2529 
2021-04-17 187 -749 2686 0 
2021-04-18 710 523 1976 0 
2021-04-19 0 -710 1976 0 
2021-04-20 0 0 1976 0 
2021-04-21 372 372 1604 0 
2021-04-22 915 543 689 0 
2021-04-23 1405 490 52 2792 
2021-04-24 898 -507 1946 0 
2021-04-25 1202 304 744 0 
2021-04-26 0 -1202 744 0 
2021-04-27 108 108 636 2196 
2021-04-28 650 542 2182 0 
2021-04-29 335 -315 1847 0 
2021-04-30 254 -81 1593 0 
2021-05-01 1451 1197 142 2690 
2021-05-02 406 -1045 2426 0 
2021-05-03 438 32 1988 0 
2021-05-04 636 198 1352 0 
2021-05-05 306 -330 1046 0 
2021-05-06 302 -4 744 0 
2021-05-07 618 316 126 2679 
2021-05-08 790 172 2015 0 
2021-05-09 782 -8 1233 0 
2021-05-10 1161 379 72 2747 
2021-05-11 932 -229 1887 0 
2021-05-12 737 -195 1150 0 
2021-05-13 0 -737 1150 0 
2021-05-14 455 455 695 0 
2021-05-15 0 -455 695 0 
2021-05-16 1396 1396 299 2511 
2021-05-17 800 -596 2010 0 
2021-05-18 1201 401 809 0 
2021-05-19 659 -542 150 2672 
2021-05-20 977 318 1845 0 
2021-05-21 679 -298 1166 0 
2021-05-22 1097 418 69 2767 
2021-05-23 791 -306 2045 0 
2021-05-24 842 51 1203 0 
2021-05-25 1246 404 596 2254 
2021-05-26 1636 390 1214 0 
2021-05-27 1394 -242 303 2577 
2021-05-28 575 -819 2305 0 
2021-05-29 0 -575 2305 0 
2021-05-30 673 673 1632 0 
2021-05-31 466 -207 1166 0 
2021-06-01 1450 984 181 2694 
2021-06-02 429 -1021 2446 0 
2021-06-03 874 445 1572 0 
2021-06-04 908 34 664 2213 
2021-06-05 1011 103 1866 0 
2021-06-06 733 -278 1133 0 
2021-06-07 969 236 164 2724 
2021-06-08 548 -421 2340 0 
2021-06-09 287 -261 2053 0 
2021-06-10 262 -25 1791 0 
2021-06-11 1058 796 733 0 
2021-06-12 834 -224 354 2526 
2021-06-13 653 -181 2227 0 
2021-06-14 244 -409 1983 0 
2021-06-15 0 -244 1983 0 
2021-06-16 933 933 1050 0 
2021-06-17 1197 264 228 2645 
2021-06-18 615 -582 2258 0 
2021-06-19 982 367 1276 0 
2021-06-20 510 -472 766 0 
2021-06-21 788 278 239 2636 
2021-06-22 880 92 1995 0 
2021-06-23 1092 212 903 0 
2021-06-24 406 -686 497 2382 
2021-06-25 0 -406 2879 0 
2021-06-26 370 370 2509 0 
2021-06-27 74 -296 2362 0 
2021-06-28 374 300 1988 0 
2021-06-29 626 252 1362 0 
2021-06-30 796 170 566 2286 
2021-07-01 346 -450 2506 0 
2021-07-02 737 391 1769 0 
2021-07-03 722 -15 1047 0 
2021-07-04 364 -358 683 0 
2021-07-05 1189 825 196 2654 
2021-07-06 1209 20 1641 0 
2021-07-07 662 -547 979 0 
2021-07-08 462 -200 517 2338 
2021-07-09 647 185 2208 0 
2021-07-10 768 121 1440 0 
2021-07-11 763 -5 677 2180 
2021-07-12 525 -238 2332 0 
2021-07-13 634 109 1698 0 
2021-07-14 924 290 774 0 
2021-07-15 486 -438 288 2566 
2021-07-16 592 106 2262 0 
2021-07-17 860 268 1402 0 
2021-07-18 1274 414 128 2735 
2021-07-19 958 -316 1905 0 
2021-07-20 403 -555 1502 0 
2021-07-21 618 215 884 0 
2021-07-22 1254 636 321 2547 
2021-07-23 1516 262 1352 0 
2021-07-24 927 -589 425 2458 
2021-07-25 592 -335 2291 0 
2021-07-26 1242 650 1049 0 
2021-07-27 1067 -175 343 2550 
2021-07-28 1299 232 1594 0 
2021-07-29 0 -1299 1594 0 
2021-07-30 790 790 804 0 
2021-07-31 820 30 337 2557 
2021-08-01 560 -260 2334 0 
2021-08-02 787 227 1547 0 
2021-08-03 206 -581 1341 0 
2021-08-04 694 488 647 2241 
2021-08-05 559 -135 2250 0 
2021-08-06 934 375 1316 0 
2021-08-07 734 -200 582 2307 
2021-08-08 0 -734 2889 0 
2021-08-09 744 744 2145 0 
2021-08-10 413 -331 1732 0 
2021-08-11 524 111 1208 0 
2021-08-12 413 -111 795 0 
2021-08-13 843 430 425 2450 
2021-08-14 768 -75 2107 0 
2021-08-15 548 -220 1559 0 
2021-08-16 435 -113 1124 0 
2021-08-17 333 -102 788 0 
2021-08-18 457 124 331 2534 
2021-08-19 1081 624 1784 0 
2021-08-20 1308 227 476 2399 
2021-08-21 600 -708 2275 0 
2021-08-22 615 15 1660 0 
2021-08-23 315 -300 1345 0 
2021-08-24 1065 750 280 2593 
2021-08-25 520 -545 2353 0 
2021-08-26 521 1 1832 0 
2021-08-27 0 -521 1832 0 
2021-08-28 331 331 1501 0 
2021-08-29 977 646 524 2338 
2021-08-30 427 -550 2435 0 
2021-08-31 0 -427 2435 0 
2021-09-01 708 708 1727 0 
2021-09-02 728 20 999 0 
2021-09-03 868 140 131 2723 
2021-09-04 1378 510 1476 0 
2021-09-05 1635 257 374 2497 
2021-09-06 823 -812 2048 0 
2021-09-07 1008 185 1040 0 
2021-09-08 237 -771 803 0 
2021-09-09 1449 1212 297 2582 
2021-09-10 807 -642 2072 0 
2021-09-11 639 -168 1433 0 
2021-09-12 846 207 587 2294 
2021-09-13 365 -481 2516 0 
2021-09-14 272 -93 2244 0 
2021-09-15 289 17 1955 0 
2021-09-16 1065 776 890 0 
2021-09-17 503 -562 387 2484 
2021-09-18 467 -36 2404 0 
2021-09-19 1184 717 1220 0 
2021-09-20 314 -870 906 0 
2021-09-21 354 40 552 2315 
2021-09-22 1033 679 1805 0 
2021-09-23 852 -181 953 0 
2021-09-24 452 -400 501 2369 
2021-09-25 243 -209 2627 0 
2021-09-26 803 560 1824 0 
2021-09-27 352 -451 1472 0 
2021-09-28 558 206 914 0 
2021-09-29 633 75 281 2581 
2021-09-30 782 149 2080 0 
2021-10-01 757 -25 1323 0 
2021-10-02 632 -125 691 0 
2021-10-03 893 261 165 2700 
2021-10-04 743 -150 2122 0 
2021-10-05 933 190 1189 0 
2021-10-06 687 -246 502 2365 
2021-10-07 1030 343 1837 0 
2021-10-08 369 -661 1468 0 
2021-10-09 425 56 1043 0 
2021-10-10 331 -94 712 0 
2021-10-11 395 64 317 2542 
2021-10-12 586 191 2273 0 
2021-10-13 851 265 1422 0 
2021-10-14 1040 189 382 2481 
2021-10-15 0 -1040 2863 0 
2021-10-16 1004 1004 1859 0 
2021-10-17 244 -760 1615 0 
2021-10-18 0 -244 1615 0 
2021-10-19 1119 1119 496 2357 
2021-10-20 1242 123 1611 0 
2021-10-21 380 -862 1231 0 
2021-10-22 818 438 413 2444 
2021-10-23 403 -415 2454 0 
2021-10-24 1323 920 1131 0 
2021-10-25 0 -1323 1131 0 
2021-10-26 437 437 694 0 
2021-10-27 288 -149 406 2443 
2021-10-28 1398 1110 1451 0 
2021-10-29 571 -827 880 0 
2021-10-30 791 220 89 2766 
2021-10-31 1487 696 1368 0 
2021-11-01 820 -667 548 2315 
2021-11-02 844 24 2019 0 
2021-11-03 470 -374 1549 0 
2021-11-04 1076 606 473 2392 
2021-11-05 494 -582 2371 0 
2021-11-06 536 42 1835 0 
2021-11-07 -6 -542 1835 0 
2021-11-08 340 346 1495 0 
2021-11-09 906 566 589 2266 
2021-11-10 541 -365 2314 0 
2021-11-11 772 231 1542 0 
2021-11-12 284 -488 1258 0 
2021-11-13 433 149 825 0 
2021-11-14 909 476 208 2644 
2021-11-15 353 -556 2499 0 
2021-11-16 0 -353 2499 0 
2021-11-17 945 945 1554 0 
2021-11-18 711 -234 843 0 
2021-11-19 439 -272 404 2440 
2021-11-20 345 -94 2499 0 
2021-11-21 822 477 1677 0 
2021-11-22 240 -582 1437 0 
2021-11-23 1629 1389 370 2477 
2021-11-24 551 -1078 2296 0 
2021-11-25 702 151 1594 0 
2021-11-26 739 37 855 0 
2021-11-27 1192 453 263 2587 
2021-11-28 0 -1192 2850 0 
2021-11-29 392 392 2458 0 
2021-11-30 870 478 1588 0 
2021-12-01 771 -99 817 0 
2021-12-02 0 -771 817 0 
2021-12-03 828 828 324 2516 
2021-12-04 669 -159 2171 0 
2021-12-05 948 279 1223 0 
2021-12-06 463 -485 760 0 
2021-12-07 330 -133 430 2409 
2021-12-08 820 490 2019 0 
2021-12-09 708 -112 1311 0 
2021-12-10 1044 336 267 2575 
2021-12-11 475 -569 2367 0 
2021-12-12 801 326 1566 0 
2021-12-13 690 -111 876 0 
2021-12-14 695 5 181 2661 
2021-12-15 930 235 1912 0 
2021-12-16 531 -399 1381 0 
2021-12-17 221 -310 1160 0 
2021-12-18 395 174 765 0 
2021-12-19 620 225 145 2692 
2021-12-20 313 -307 2524 0 
2021-12-21 1410 1097 1114 0 
2021-12-22 971 -439 143 2699 
2021-12-23 1016 45 1826 0 
2021-12-24 946 -70 880 0 
2021-12-25 537 -409 343 2502 
2021-12-26 1529 992 1316 0 
