date demand demandChange inventoryPosition leadTime marketPrice orderQuantity
2019-07-02 0 0 5000 24 0.92 0 
2019-07-03 0 0 5000 24 0.92 0 
2019-07-04 0 0 5000 48 0.92 0 
2019-07-05 0 0 5000 24 0.92 0 
2019-07-08 0 0 5000 96 0.92 0 
2019-07-09 1781 1781 3219 48 0.92 8040 
2019-07-10 0 -1781 11259 96 0.92 0 
2019-07-11 1439 1439 9820 48 0.92 0 
2019-07-12 0 -1439 9820 72 0.92 0 
2019-07-15 0 0 9820 48 0.92 0 
2019-07-16 0 0 9820 96 0.84 0 
2019-07-17 18878 18878 8243 72 0.84 32937 
2019-07-18 17103 -1775 41180 72 0.84 11790 
2019-07-19 21683 4580 50180 72 0.84 14037 
2019-07-22 19744 -1939 64217 96 0.84 0 
2019-07-23 25515 5771 42813 72 0.84 37400 
2019-07-24 13359 -12156 66854 72 0.84 0 
2019-07-25 1616 -11743 65238 48 0.84 0 
2019-07-26 3168 1552 62070 24 0.84 0 
2019-07-29 8652 5484 53418 48 0.84 0 
2019-07-30 0 -8652 53418 72 0.75 0 
2019-07-31 0 0 53418 96 0.75 0 
2019-08-01 1582 1582 51836 72 0.75 0 
2019-08-02 7239 5657 44597 48 0.75 13106 
2019-08-05 1040 -6199 56663 24 0.75 0 
2019-08-06 6896 5856 49767 72 0.75 0 
2019-08-07 17786 10890 31981 96 0.75 24236 
2019-08-08 23385 5599 46528 96 0.75 14186 
2019-08-09 13694 -9691 47020 24 0.75 14179 
2019-08-12 4328 -9366 56871 24 0.75 0 
2019-08-13 5151 823 55130 96 0.71 0 
2019-08-14 7608 2457 47522 96 0.71 0 
2019-08-15 2892 -4716 44630 96 0.71 12569 
2019-08-16 7805 4913 49394 48 0.71 0 
2019-08-19 0 -7805 49394 24 0.71 0 
2019-08-20 4563 4563 44831 96 0.71 0 
2019-08-21 2629 -1934 42202 72 0.71 11640 
2019-08-22 0 -2629 53842 48 0.71 0 
2019-08-23 6192 6192 47650 24 0.71 0 
2019-08-26 11840 5648 35810 24 0.71 17158 
2019-08-27 0 -11840 52968 24 0.67 0 
2019-08-28 5205 5205 47763 72 0.67 0 
2019-08-29 7321 2116 40442 72 0.67 11066 
2019-08-30 8425 1104 43083 72 0.67 0 
2019-09-02 0 -8425 43083 96 0.67 0 
2019-09-03 4759 4759 38324 72 0.67 12575 
2019-09-04 3406 -1353 47493 48 0.67 0 
2019-09-05 0 -3406 47493 72 0.67 0 
2019-09-06 0 0 47493 24 0.67 0 
2019-09-09 0 0 47493 24 0.67 0 
2019-09-10 6756 6756 40737 96 0.63 0 
2019-09-11 11025 4269 29712 96 0.63 20424 
2019-09-12 11792 767 38344 72 0.63 12129 
2019-09-13 7101 -4691 43372 24 0.63 0 
2019-09-16 2829 -4272 40543 24 0.63 0 
2019-09-17 1892 -937 38651 72 0.63 0 
2019-09-18 2465 573 36186 72 0.63 11138 
2019-09-19 10365 7900 36959 96 0.63 10900 
2019-09-20 1714 -8651 46145 96 0.63 0 
2019-09-23 8836 7122 37309 72 0.63 9988 
2019-09-24 5871 -2965 41426 96 0.63 0 
2019-09-25 1189 -4682 40237 48 0.63 0 
2019-09-26 1058 -131 39179 72 0.63 0 
2019-09-27 11413 10355 27766 96 0.63 18245 
2019-09-30 0 -11413 46011 24 0.63 0 
2019-10-01 9532 9532 36479 72 0.63 0 
2019-10-02 11787 2255 24692 72 0.63 21677 
2019-10-03 2434 -9353 43935 48 0.63 0 
2019-10-04 0 -2434 43935 72 0.63 0 
2019-10-07 1722 1722 42213 48 0.63 0 
2019-10-08 0 -1722 42213 96 0.6 0 
2019-10-09 3687 3687 38526 96 0.6 0 
2019-10-10 2589 -1098 35937 72 0.6 0 
2019-10-11 2184 -405 33753 24 0.6 9862 
2019-10-14 0 -2184 43615 72 0.6 0 
2019-10-15 17223 17223 26392 48 0.6 17948 
2019-10-16 4355 -12868 39985 48 0.6 0 
2019-10-17 6209 1854 33776 48 0.6 9856 
2019-10-18 5883 -326 37749 96 0.6 0 
2019-10-21 0 -5883 37749 72 0.6 0 
2019-10-22 0 0 37749 72 0.65 0 
2019-10-23 6211 6211 31538 24 0.65 11853 
2019-10-24 0 -6211 43391 72 0.65 0 
2019-10-25 0 0 43391 24 0.65 0 
2019-10-28 4340 4340 39051 24 0.65 0 
2019-10-29 5890 1550 33161 72 0.65 9627 
2019-10-30 2231 -3659 40557 24 0.65 0 
2019-10-31 11742 9511 28815 72 0.65 13791 
2019-11-01 1107 -10635 41499 24 0.65 0 
2019-11-04 0 -1107 41499 24 0.65 0 
2019-11-05 1528 1528 39971 24 0.66 0 
2019-11-06 1283 -245 38688 72 0.66 0 
2019-11-07 11295 10012 27393 48 0.66 13783 
2019-11-08 13861 2566 27315 72 0.66 14324 
2019-11-11 1631 -12230 40008 24 0.66 0 
2019-11-12 5475 3844 34533 72 0.66 0 
2019-11-13 5680 205 28853 96 0.66 12200 
2019-11-14 899 -4781 40154 96 0.66 0 
2019-11-15 5099 4200 35055 24 0.66 0 
2019-11-18 0 -5099 35055 24 0.66 0 
2019-11-19 1742 1742 33313 48 0.72 0 
2019-11-20 2813 1071 30500 48 0.72 9171 
2019-11-21 10854 8041 28817 24 0.72 11056 
2019-11-22 4605 -6249 35268 96 0.72 0 
2019-11-25 8932 4327 26336 24 0.72 13595 
2019-11-26 9924 992 30007 72 0.72 10088 
2019-11-27 0 -9924 40095 72 0.72 0 
2019-11-28 1227 1227 38868 72 0.72 0 
2019-11-29 4284 3057 34584 48 0.72 0 
2019-12-02 7953 3669 26631 96 0.72 13006 
2019-12-03 11481 3528 28156 24 0.69 11705 
2019-12-04 2630 -8851 37231 96 0.69 0 
2019-12-05 2458 -172 34773 72 0.69 0 
2019-12-06 0 -2458 34773 96 0.69 0 
2019-12-09 0 0 34773 24 0.69 0 
2019-12-10 9380 9380 25393 72 0.69 14260 
2019-12-11 0 -9380 39653 96 0.69 0 
2019-12-12 6331 6331 33322 48 0.69 0 
2019-12-13 0 -6331 33322 72 0.69 0 
2019-12-16 4536 4536 28786 72 0.69 10703 
2019-12-17 8752 4216 30737 72 0.8 0 
2019-12-18 14650 5898 16087 96 0.8 24040 
2019-12-19 0 -14650 40127 96 0.8 0 
2019-12-20 3039 3039 37088 24 0.8 0 
2019-12-23 6627 3588 30461 72 0.8 9477 
2019-12-24 5987 -640 33951 24 0.8 0 
2019-12-25 2314 -3673 31637 24 0.8 0 
2019-12-26 3101 787 28536 48 0.8 10738 
2019-12-27 7733 4632 31541 96 0.8 0 
2019-12-30 4767 -2966 26774 24 0.8 12504 
2019-12-31 5290 523 33988 48 0.9 0 
2020-01-01 0 -5290 33988 72 0.9 0 
2020-01-02 10653 10653 23335 96 0.9 16081 
2020-01-03 1108 -9545 38308 24 0.9 0 
2020-01-06 1896 788 36412 24 0.9 0 
2020-01-07 14508 12612 21904 24 0.9 17232 
2020-01-08 3942 -10566 35194 72 0.9 0 
2020-01-09 3793 -149 31401 24 0.9 0 
2020-01-10 4185 392 27216 96 0.9 11551 
2020-01-13 0 -4185 38767 72 0.9 0 
2020-01-14 5210 5210 33557 48 0.9 0 
2020-01-15 1536 -3674 32021 24 1.04 0 
2020-01-16 2891 1355 29130 72 1.04 9007 
2020-01-17 6182 3291 31955 72 1.04 0 
2020-01-20 2495 -3687 29460 72 1.04 0 
2020-01-21 5009 2514 24451 48 1.04 13310 
2020-01-22 4406 -603 33355 96 1.04 0 
2020-01-23 9921 5515 23434 24 1.04 14438 
2020-01-24 0 -9921 37872 72 1.04 0 
2020-01-27 0 0 37872 96 1.04 0 
2020-01-28 12127 12127 25745 96 1.04 12550 
2020-01-29 4751 -7376 33544 24 1.04 0 
2020-01-30 4945 194 28599 24 1.29 9464 
2020-01-31 5784 839 32279 24 1.29 0 
2020-02-03 2696 -3088 29583 24 1.29 0 
2020-02-04 6353 3657 23230 96 1.29 14635 
2020-02-05 0 -6353 37865 72 1.29 0 
2020-02-06 4590 4590 33275 24 1.29 0 
2020-02-07 8539 3949 24736 96 1.29 13169 
2020-02-10 10874 2335 27031 96 1.29 11142 
2020-02-11 4760 -6114 33413 72 1.29 0 
2020-02-12 2619 -2141 30794 96 1.29 0 
2020-02-13 3352 733 27442 72 1.42 10413 
2020-02-14 1156 -2196 36699 48 1.42 0 
2020-02-17 949 -207 35750 24 1.42 0 
2020-02-18 7995 7046 27755 72 1.42 9620 
2020-02-19 7106 -889 30269 24 1.42 0 
2020-02-20 11702 4596 18567 48 1.42 18953 
2020-02-21 4826 -6876 32694 48 1.42 0 
2020-02-24 8128 3302 24566 24 1.42 12867 
2020-02-25 8937 809 28496 72 1.42 9017 
2020-02-26 6773 -2164 30740 48 1.42 0 
2020-02-27 9774 3001 20966 72 1.15 16618 
2020-02-28 4066 -5708 33518 96 1.15 0 
2020-03-02 0 -4066 33518 72 1.15 0 
2020-03-03 2900 2900 30618 24 1.15 0 
2020-03-04 0 -2900 30618 72 1.15 0 
2020-03-05 1743 1743 28875 24 1.15 0 
2020-03-06 17614 15871 11261 96 1.15 26405 
2020-03-09 0 -17614 37666 24 1.15 0 
2020-03-10 9145 9145 28521 96 1.15 9287 
2020-03-11 0 -9145 37808 96 1.15 0 
2020-03-12 5336 5336 32472 24 1.15 0 
2020-03-13 3005 -2331 29467 72 0.89 0 
2020-03-16 10344 7339 19123 24 0.89 18653 
2020-03-17 2678 -7666 35098 72 0.89 0 
2020-03-18 8938 6260 26160 24 0.89 11521 
2020-03-19 7136 -1802 30545 96 0.89 0 
2020-03-20 4641 -2495 25904 96 0.89 11878 
2020-03-23 6389 1748 31393 24 0.89 0 
2020-03-24 2457 -3932 28936 72 0.89 0 
2020-03-25 9168 6711 19768 72 0.89 17907 
2020-03-26 4124 -5044 33551 72 0.89 0 
2020-03-27 2734 -1390 30817 24 0.77 0 
2020-03-30 10649 7915 20168 24 0.77 17367 
2020-03-31 3902 -6747 33633 72 0.77 0 
2020-04-01 0 -3902 33633 48 0.77 0 
2020-04-02 5251 5251 28382 96 0.77 9044 
2020-04-03 16338 11087 21088 24 0.77 16631 
2020-04-06 1710 -14628 36009 96 0.77 0 
2020-04-07 12648 10938 23361 24 0.77 14438 
2020-04-08 0 -12648 37799 72 0.77 0 
2020-04-09 1109 1109 36690 48 0.77 0 
2020-04-10 0 -1109 36690 24 0.77 0 
2020-04-13 0 0 36690 72 0.77 0 
2020-04-14 5775 5775 30915 96 0.79 0 
2020-04-15 3618 -2157 27297 72 0.79 10185 
2020-04-16 0 -3618 37482 24 0.79 0 
2020-04-17 9111 9111 28371 24 0.79 9138 
2020-04-20 6406 -2705 31103 72 0.79 0 
2020-04-21 1428 -4978 29675 96 0.79 0 
2020-04-22 7083 5655 22592 72 0.79 14823 
2020-04-23 3298 -3785 34117 24 0.79 0 
2020-04-24 8239 4941 25878 72 0.79 11456 
2020-04-27 0 -8239 37334 96 0.79 0 
2020-04-28 2338 2338 34996 48 0.99 0 
2020-04-29 7081 4743 27915 48 0.99 9300 
2020-04-30 0 -7081 37215 96 0.99 0 
2020-05-01 6656 6656 30559 72 0.99 0 
2020-05-04 979 -5677 29580 72 0.99 0 
2020-05-05 5561 4582 24019 48 0.99 13021 
2020-05-06 12058 6497 24982 72 0.99 12214 
2020-05-07 0 -12058 37196 48 0.99 0 
2020-05-08 12058 12058 25138 96 0.99 12246 
2020-05-11 3619 -8439 33765 24 0.99 0 
