date demand demandChange inventoryPosition leadTime marketPrice orderQuantity
2019-07-02 0 0 2500 24 4.0 0 
2019-07-03 0 0 2500 96 4.0 0 
2019-07-04 0 0 2500 72 4.0 0 
2019-07-05 0 0 2500 96 4.0 0 
2019-07-08 0 0 2500 96 4.0 0 
2019-07-09 1336 1336 1164 24 4.0 7508 
2019-07-10 0 -1336 8672 24 4.0 0 
2019-07-11 0 0 8672 48 4.0 0 
2019-07-12 0 0 8672 24 4.0 0 
2019-07-15 0 0 8672 72 4.0 0 
2019-07-16 0 0 8672 96 3.93 0 
2019-07-17 0 0 8672 24 3.93 0 
2019-07-18 0 0 8672 96 3.93 0 
2019-07-19 0 0 8672 96 3.93 0 
2019-07-22 0 0 8672 48 3.93 0 
2019-07-23 1043 1043 7629 96 3.93 0 
2019-07-24 1118 75 6511 48 3.93 0 
2019-07-25 1077 -41 5434 96 3.93 1691 
2019-07-26 0 -1077 7125 72 3.93 0 
2019-07-29 2858 2858 4267 72 3.93 4623 
2019-07-30 0 -2858 8890 72 4.01 0 
2019-07-31 0 0 8890 72 4.01 0 
2019-08-01 0 0 8890 72 4.01 0 
2019-08-02 5226 5226 3664 96 4.01 8439 
2019-08-05 693 -4533 11410 72 4.01 0 
2019-08-06 1234 541 10176 24 4.01 0 
2019-08-07 4350 3116 5826 24 4.01 6097 
2019-08-08 1520 -2830 10403 72 4.01 0 
2019-08-09 0 -1520 10403 96 4.01 0 
2019-08-12 0 0 10403 24 4.01 0 
2019-08-13 2274 2274 10403 96 4.19 0 
2019-08-14 4225 1951 6178 72 4.19 6541 
2019-08-15 653 -3572 12066 72 4.19 0 
2019-08-16 0 -653 12066 72 4.19 0 
2019-08-19 0 0 12066 24 4.19 0 
2019-08-20 2271 2271 9795 72 4.19 2179 
2019-08-21 0 -2271 11974 96 4.19 0 
2019-08-22 0 0 11974 96 4.19 0 
2019-08-23 1062 1062 10912 48 4.19 0 
2019-08-26 811 -251 10101 72 4.19 0 
2019-08-27 0 -811 10101 24 4.29 0 
2019-08-28 2630 2630 7471 24 4.29 3924 
2019-08-29 0 -2630 11395 72 4.29 0 
2019-08-30 2381 2381 9014 96 4.29 2524 
2019-09-02 0 -2381 11538 48 4.29 0 
2019-09-03 986 986 10552 24 4.29 0 
2019-09-04 0 -986 10552 24 4.29 0 
2019-09-05 0 0 10552 72 4.29 0 
2019-09-06 0 0 10552 24 4.29 0 
2019-09-09 0 0 10552 24 4.29 0 
2019-09-10 4902 4902 5650 96 4.2 6211 
2019-09-11 703 -4199 11158 72 4.2 0 
2019-09-12 1320 617 9838 96 4.2 0 
2019-09-13 1203 -117 8635 72 4.2 2550 
2019-09-16 626 -577 10559 72 4.2 0 
2019-09-17 0 -626 10559 72 4.2 0 
2019-09-18 1785 1785 8774 24 4.2 2026 
2019-09-19 1605 -180 9195 24 4.2 0 
2019-09-20 1286 -319 7909 72 4.2 2668 
2019-09-23 2120 834 8457 72 4.2 2146 
2019-09-24 0 -2120 10603 72 4.2 0 
2019-09-25 793 793 9810 96 4.2 0 
2019-09-26 794 1 9016 96 4.2 0 
2019-09-27 2867 2073 6149 24 4.2 4316 
2019-09-30 0 -2867 10465 48 4.2 0 
2019-10-01 0 0 10465 24 4.2 0 
2019-10-02 2647 2647 7818 96 4.2 2763 
2019-10-03 0 -2647 10581 72 4.2 0 
2019-10-04 0 0 10581 24 4.2 0 
2019-10-07 1292 1292 9289 72 4.2 0 
2019-10-08 0 -1292 9289 96 4.52 0 
2019-10-09 2593 2593 6696 72 4.52 3887 
2019-10-10 953 -1640 9630 72 4.52 0 
2019-10-11 1638 685 7992 24 4.52 2393 
2019-10-14 0 -1638 10385 24 4.52 0 
2019-10-15 2148 2148 8237 48 4.52 2136 
2019-10-16 784 -1364 9589 72 4.52 0 
2019-10-17 0 -784 9589 72 4.52 0 
2019-10-18 1669 1669 7920 72 4.52 2255 
2019-10-21 0 -1669 10175 72 4.52 0 
2019-10-22 0 0 10175 72 4.65 0 
2019-10-23 2704 2704 7471 96 4.65 2835 
2019-10-24 0 -2704 10306 24 4.65 0 
2019-10-25 0 0 10306 24 4.65 0 
2019-10-28 0 0 10306 48 4.65 0 
2019-10-29 0 0 10306 48 4.65 0 
2019-10-30 0 0 10306 24 4.65 0 
2019-10-31 0 0 10306 96 4.65 0 
2019-11-01 738 738 9568 96 4.65 0 
2019-11-04 0 -738 9568 24 4.65 0 
2019-11-05 0 0 9568 24 4.76 0 
2019-11-06 0 0 9568 72 4.76 0 
2019-11-07 2940 2940 6628 24 4.76 3598 
2019-11-08 3030 90 7196 96 4.76 3204 
2019-11-11 0 -3030 10400 72 4.76 0 
2019-11-12 1293 1293 9107 96 4.76 0 
2019-11-13 609 -684 8498 24 4.76 0 
2019-11-14 600 -9 7898 72 4.76 2167 
2019-11-15 1120 520 8945 48 4.76 0 
2019-11-18 0 -1120 8945 96 4.76 0 
2019-11-19 1161 1161 7784 48 4.98 2128 
2019-11-20 1876 715 8036 24 4.98 0 
2019-11-21 0 -1876 8036 24 4.98 0 
2019-11-22 1478 1478 6558 96 4.98 3338 
2019-11-25 0 -1478 9896 72 4.98 0 
2019-11-26 1683 1683 8213 72 4.98 0 
2019-11-27 0 -1683 8213 24 4.98 0 
2019-11-28 818 818 7395 24 4.98 2359 
2019-11-29 2023 1205 7731 24 4.98 2034 
2019-12-02 0 -2023 9765 96 4.98 0 
2019-12-03 930 930 8835 24 5.24 0 
2019-12-04 842 -88 7993 24 5.24 0 
2019-12-05 845 3 7148 24 5.24 2368 
2019-12-06 0 -845 9516 72 5.24 0 
2019-12-09 0 0 9516 24 5.24 0 
2019-12-10 0 0 9516 24 5.24 0 
2019-12-11 0 0 9516 96 5.24 0 
2019-12-12 3064 3064 6452 72 5.24 3177 
2019-12-13 0 -3064 9629 72 5.24 0 
2019-12-16 1243 1243 8386 24 5.24 0 
2019-12-17 764 -479 7622 72 5.21 0 
2019-12-18 2205 1441 5417 96 5.21 4137 
2019-12-19 0 -2205 9554 24 5.21 0 
2019-12-20 2026 2026 7528 24 5.21 2024 
2019-12-23 0 -2026 9552 96 5.21 0 
2019-12-24 1916 1916 7636 24 5.21 1947 
2019-12-25 0 -1916 9583 24 5.21 0 
2019-12-26 0 0 9583 72 5.21 0 
2019-12-27 3409 3409 6174 48 5.21 3507 
2019-12-30 1966 -1443 7715 48 5.21 1963 
2019-12-31 1212 -754 8466 48 5.45 0 
2020-01-01 0 -1212 8466 24 5.45 0 
2020-01-02 1080 1080 7386 72 5.45 2167 
2020-01-03 739 -341 8814 48 5.45 0 
2020-01-06 0 -739 8814 48 5.45 0 
2020-01-07 1532 1532 7282 48 5.45 2135 
2020-01-08 0 -1532 9417 48 5.45 0 
2020-01-09 2667 2667 6750 72 5.45 2715 
2020-01-10 832 -1835 8633 96 5.45 0 
2020-01-13 0 -832 8633 48 5.45 0 
2020-01-14 1177 1177 7456 96 5.45 1948 
2020-01-15 1152 -25 8252 24 5.65 0 
2020-01-16 0 -1152 8252 48 5.65 0 
2020-01-17 1543 1543 6709 72 5.65 2616 
2020-01-20 759 -784 8566 24 5.65 0 
2020-01-21 1310 551 7256 48 5.65 1956 
2020-01-22 901 -409 8311 96 5.65 0 
2020-01-23 1398 497 6913 24 5.65 2246 
2020-01-24 0 -1398 9159 72 5.65 0 
2020-01-27 0 0 9159 72 5.65 0 
2020-01-28 3645 3645 5514 96 5.65 3790 
2020-01-29 845 -2800 8459 48 5.65 0 
2020-01-30 0 -845 8459 24 5.76 0 
2020-01-31 755 755 7704 24 5.76 0 
2020-02-03 828 73 6876 72 5.76 2230 
2020-02-04 716 -112 8390 96 5.76 0 
2020-02-05 0 -716 8390 72 5.76 0 
2020-02-06 0 0 8390 96 5.76 0 
2020-02-07 1292 1292 7098 24 5.76 1965 
2020-02-10 821 -471 8242 72 5.76 0 
2020-02-11 3256 2435 4986 24 5.76 4110 
2020-02-12 0 -3256 9096 72 5.76 0 
2020-02-13 0 0 9096 72 5.75 0 
2020-02-14 771 771 8325 72 5.75 0 
2020-02-17 633 -138 7692 48 5.75 0 
2020-02-18 2634 2001 5058 48 5.75 3955 
2020-02-19 1510 -1124 7503 48 5.75 0 
2020-02-20 0 -1510 7503 48 5.75 0 
2020-02-21 748 748 6755 72 5.75 2175 
2020-02-24 1305 557 7625 96 5.75 0 
2020-02-25 3221 1916 4404 24 5.75 4606 
2020-02-26 2262 -959 6748 24 5.75 2286 
2020-02-27 1372 -890 7662 72 5.62 0 
2020-02-28 1925 553 5737 72 5.62 3292 
2020-03-02 0 -1925 9029 24 5.62 0 
2020-03-03 825 825 8204 24 5.62 0 
2020-03-04 0 -825 8204 96 5.62 0 
2020-03-05 1307 1307 6897 48 5.62 2066 
2020-03-06 719 -588 8244 24 5.62 0 
2020-03-09 0 -719 8244 72 5.62 0 
2020-03-10 2215 2215 6029 72 5.62 2905 
2020-03-11 0 -2215 8934 72 5.62 0 
2020-03-12 0 0 8934 96 5.62 0 
2020-03-13 0 0 8934 72 5.45 0 
2020-03-16 2954 2954 5980 72 5.45 3035 
2020-03-17 0 -2954 9015 48 5.45 0 
2020-03-18 0 0 9015 24 5.45 0 
2020-03-19 0 0 9015 72 5.45 0 
2020-03-20 2166 2166 6849 96 5.45 2191 
2020-03-23 0 -2166 9040 48 5.45 0 
2020-03-24 1638 1638 7402 48 5.45 0 
2020-03-25 2121 483 5281 96 5.45 3779 
2020-03-26 2995 874 6065 48 5.45 3046 
2020-03-27 0 -2995 9111 24 5.21 0 
2020-03-30 1452 1452 7659 72 5.21 0 
2020-03-31 726 -726 6933 48 5.21 2104 
2020-04-01 0 -726 9037 48 5.21 0 
2020-04-02 811 811 8226 48 5.21 0 
2020-04-03 3346 2535 4880 24 5.21 4166 
2020-04-06 1283 -2063 7763 24 5.21 0 
2020-04-07 2666 1383 5097 72 5.21 3967 
2020-04-08 0 -2666 9064 24 5.21 0 
2020-04-09 740 740 8324 24 5.21 0 
2020-04-10 0 -740 8324 24 5.21 0 
2020-04-13 0 0 8324 96 5.21 0 
2020-04-14 2016 2016 6308 96 4.98 2749 
2020-04-15 0 -2016 9057 96 4.98 0 
2020-04-16 0 0 9057 24 4.98 0 
2020-04-17 562 562 8495 72 4.98 0 
2020-04-20 0 -562 8495 24 4.98 0 
2020-04-21 952 952 7543 48 4.98 0 
2020-04-22 0 -952 7543 96 4.98 0 
2020-04-23 0 0 7543 48 4.98 0 
2020-04-24 986 986 6557 72 4.98 2396 
2020-04-27 0 -986 8953 24 4.98 0 
2020-04-28 0 0 8953 48 4.78 0 
2020-04-29 0 0 8953 72 4.78 0 
2020-04-30 0 0 8953 96 4.78 0 
2020-05-01 2352 2352 6601 48 4.78 2372 
2020-05-04 734 -1618 8239 48 4.78 0 
2020-05-05 0 -734 8239 96 4.78 0 
2020-05-06 4915 4915 3324 72 4.78 5753 
2020-05-07 0 -4915 9077 24 4.78 0 
2020-05-08 934 934 8143 24 4.78 0 
2020-05-11 2714 1780 5429 96 4.78 3664 
