date demand demandChange inventoryPosition leadTime orderQuantity
2019-07-02 0 0 9000 24 0 
2019-07-03 0 0 9000 24 0 
2019-07-04 0 0 9000 24 0 
2019-07-05 0 0 9000 24 0 
2019-07-08 0 0 9000 24 0 
2019-07-09 0 0 9000 24 0 
2019-07-10 0 0 9000 24 0 
2019-07-11 5224 5224 3776 24 7193 
2019-07-12 0 -5224 10969 24 0 
2019-07-15 0 0 10969 24 0 
2019-07-16 0 0 10969 24 0 
2019-07-17 6729 6729 4240 24 7881 
2019-07-18 0 -6729 12121 0 0 
2019-07-19 0 0 12121 24 0 
2019-07-22 0 0 12121 0 0 
2019-07-23 7842 7842 4279 0 11902 
2019-07-24 0 -7842 16181 24 0 
2019-07-25 0 0 16181 24 0 
2019-07-26 0 0 16181 24 0 
2019-07-29 0 0 16181 0 0 
2019-07-30 0 0 16181 0 0 
2019-07-31 0 0 16181 24 0 
2019-08-01 0 0 16181 24 0 
2019-08-02 5329 5329 10852 24 0 
2019-08-05 0 -5329 10852 24 0 
2019-08-06 0 0 10852 24 0 
2019-08-07 0 0 10852 24 0 
2019-08-08 0 0 10852 24 0 
2019-08-09 0 0 10852 0 0 
2019-08-12 0 0 10852 24 0 
2019-08-13 0 0 10852 24 0 
2019-08-14 0 0 10852 24 0 
2019-08-15 5321 5321 5531 24 9565 
2019-08-16 9869 4548 5227 24 11086 
2019-08-19 0 -9869 16313 0 0 
2019-08-20 0 0 16313 24 0 
2019-08-21 0 0 16313 24 0 
2019-08-22 0 0 16313 24 0 
2019-08-23 4058 4058 12255 24 0 
2019-08-26 0 -4058 12255 24 0 
2019-08-27 0 0 12255 24 0 
2019-08-28 0 0 12255 24 0 
2019-08-29 0 0 12255 0 0 
2019-08-30 0 0 12255 24 0 
2019-09-02 0 0 12255 0 0 
2019-09-03 5763 5763 6492 24 8964 
2019-09-04 6364 601 9092 24 6376 
2019-09-05 0 -6364 15468 24 0 
2019-09-06 0 0 15468 24 0 
2019-09-09 0 0 15468 0 0 
2019-09-10 0 0 15468 24 0 
2019-09-11 4792 4792 10676 24 0 
2019-09-12 4778 -14 5898 24 9027 
2019-09-13 0 -4778 14925 24 0 
2019-09-16 0 0 14925 0 0 
2019-09-17 0 0 14925 24 0 
2019-09-18 0 0 14925 0 0 
2019-09-19 0 0 14925 0 0 
2019-09-20 0 0 14925 24 0 
2019-09-23 0 0 14925 24 0 
2019-09-24 0 0 14925 24 0 
2019-09-25 0 0 14925 24 0 
2019-09-26 0 0 14925 24 0 
2019-09-27 0 0 14925 24 0 
2019-09-30 0 0 14925 24 0 
2019-10-01 6989 6989 7936 24 7156 
2019-10-02 0 -6989 15092 24 0 
2019-10-03 0 0 15092 24 0 
2019-10-04 0 0 15092 0 0 
2019-10-07 0 0 15092 24 0 
2019-10-08 0 0 15092 24 0 
2019-10-09 4674 4674 10418 24 0 
2019-10-10 0 -4674 10418 0 0 
2019-10-11 0 0 10418 0 0 
2019-10-14 0 0 10418 24 0 
2019-10-15 0 0 10418 24 0 
2019-10-16 4981 4981 5437 0 9322 
2019-10-17 0 -4981 14759 0 0 
2019-10-18 5442 5442 9317 24 0 
2019-10-21 0 -5442 9317 0 0 
2019-10-22 0 0 9317 24 0 
2019-10-23 0 0 9317 24 0 
2019-10-24 0 0 9317 0 0 
2019-10-25 0 0 9317 24 0 
2019-10-28 5926 5926 3391 24 11316 
2019-10-29 11682 5756 3025 0 12356 
2019-10-30 0 -11682 15381 24 0 
2019-10-31 0 0 15381 24 0 
2019-11-01 0 0 15381 24 0 
2019-11-04 0 0 15381 24 0 
2019-11-05 4618 4618 10763 0 0 
2019-11-06 0 -4618 10763 24 0 
2019-11-07 0 0 10763 24 0 
2019-11-08 5974 5974 4789 24 10398 
2019-11-11 7972 1998 7215 24 8152 
2019-11-12 0 -7972 15367 24 0 
2019-11-13 0 0 15367 24 0 
2019-11-14 0 0 15367 0 0 
2019-11-15 0 0 15367 24 0 
2019-11-18 0 0 15367 24 0 
2019-11-19 0 0 15367 0 0 
2019-11-20 0 0 15367 24 0 
2019-11-21 6791 6791 8576 24 6843 
2019-11-22 0 -6791 15419 24 0 
2019-11-25 0 0 15419 24 0 
2019-11-26 0 0 15419 0 0 
2019-11-27 0 0 15419 24 0 
2019-11-28 0 0 15419 0 0 
2019-11-29 0 0 15419 24 0 
2019-12-02 0 0 15419 24 0 
2019-12-03 0 0 15419 0 0 
2019-12-04 6784 6784 8635 0 6831 
2019-12-05 0 -6784 15466 24 0 
2019-12-06 0 0 15466 0 0 
2019-12-09 0 0 15466 24 0 
2019-12-10 0 0 15466 24 0 
2019-12-11 0 0 15466 24 0 
2019-12-12 0 0 15466 24 0 
2019-12-13 0 0 15466 24 0 
2019-12-16 0 0 15466 24 0 
2019-12-17 0 0 15466 24 0 
2019-12-18 7763 7763 7703 24 7890 
2019-12-19 0 -7763 15593 24 0 
2019-12-20 0 0 15593 24 0 
2019-12-23 0 0 15593 24 0 
2019-12-24 4781 4781 10812 0 0 
2019-12-25 6865 2084 3947 24 11566 
2019-12-26 0 -6865 15513 24 0 
2019-12-27 0 0 15513 0 0 
2019-12-30 0 0 15513 24 0 
2019-12-31 5247 5247 10266 24 0 
2020-01-01 0 -5247 10266 0 0 
2020-01-02 0 0 10266 24 0 
2020-01-03 0 0 10266 24 0 
2020-01-06 0 0 10266 24 0 
2020-01-07 0 0 10266 24 0 
2020-01-08 12256 12256 3499 24 12369 
2020-01-09 0 -12256 15868 0 0 
2020-01-10 0 0 15868 24 0 
2020-01-13 0 0 15868 24 0 
2020-01-14 0 0 15868 24 0 
2020-01-15 0 0 15868 24 0 
2020-01-16 0 0 15868 24 0 
2020-01-17 0 0 15868 24 0 
2020-01-20 6765 6765 9103 24 6782 
2020-01-21 0 -6765 15885 24 0 
2020-01-22 0 0 15885 24 0 
2020-01-23 0 0 15885 0 0 
2020-01-24 0 0 15885 24 0 
2020-01-27 0 0 15885 24 0 
2020-01-28 0 0 15885 24 0 
2020-01-29 0 0 15885 24 0 
2020-01-30 15525 15525 360 24 16129 
2020-01-31 0 -15525 16489 0 0 
2020-02-03 0 0 16489 24 0 
2020-02-04 6870 6870 9619 24 6876 
2020-02-05 0 -6870 16495 24 0 
2020-02-06 0 0 16495 24 0 
2020-02-07 0 0 16495 24 0 
2020-02-10 13986 13986 2509 24 14430 
2020-02-11 0 -13986 16939 24 0 
2020-02-12 0 0 16939 24 0 
2020-02-13 0 0 16939 24 0 
2020-02-14 0 0 16939 24 0 
2020-02-17 0 0 16939 24 0 
2020-02-18 0 0 16939 0 0 
2020-02-19 0 0 16939 0 0 
2020-02-20 13636 13636 3303 24 14036 
2020-02-21 0 -13636 17339 24 0 
2020-02-24 0 0 17339 24 0 
2020-02-25 0 0 17339 24 0 
2020-02-26 0 0 17339 24 0 
2020-02-27 7530 7530 9809 24 7541 
2020-02-28 7039 -491 10311 24 7026 
2020-03-02 0 -7039 17337 24 0 
2020-03-03 5975 5975 11362 24 0 
2020-03-04 0 -5975 11362 24 0 
2020-03-05 0 0 11362 24 0 
2020-03-06 0 0 11362 0 0 
2020-03-09 0 0 11362 24 0 
2020-03-10 0 0 11362 24 0 
2020-03-11 0 0 11362 24 0 
2020-03-12 0 0 11362 24 0 
2020-03-13 0 0 11362 24 0 
2020-03-16 0 0 11362 24 0 
2020-03-17 7474 7474 3888 0 13389 
2020-03-18 0 -7474 17277 24 0 
2020-03-19 0 0 17277 24 0 
2020-03-20 8023 8023 9254 24 8061 
2020-03-23 0 -8023 17315 0 0 
2020-03-24 0 0 17315 0 0 
2020-03-25 0 0 17315 24 0 
2020-03-26 0 0 17315 24 0 
2020-03-27 0 0 17315 24 0 
2020-03-30 0 0 17315 0 0 
2020-03-31 0 0 17315 24 0 
2020-04-01 5988 5988 11327 24 0 
2020-04-02 0 -5988 11327 24 0 
2020-04-03 0 0 11327 0 0 
2020-04-06 0 0 11327 0 0 
2020-04-07 5389 5389 5938 0 11240 
2020-04-08 0 -5389 17178 24 0 
2020-04-09 0 0 17178 24 0 
2020-04-10 0 0 17178 24 0 
2020-04-13 0 0 17178 0 0 
2020-04-14 0 0 17178 24 0 
2020-04-15 0 0 17178 24 0 
2020-04-16 0 0 17178 24 0 
2020-04-17 6007 6007 11171 24 0 
2020-04-20 0 -6007 11171 24 0 
2020-04-21 0 0 11171 24 0 
2020-04-22 0 0 11171 24 0 
2020-04-23 0 0 11171 24 0 
2020-04-24 0 0 11171 24 0 
2020-04-27 0 0 11171 24 0 
2020-04-28 0 0 11171 24 0 
2020-04-29 0 0 11171 24 0 
2020-04-30 0 0 11171 24 0 
2020-05-01 0 0 11171 0 0 
2020-05-04 0 0 11171 0 0 
2020-05-05 0 0 11171 24 0 
2020-05-06 0 0 11171 0 0 
2020-05-07 0 0 11171 24 0 
2020-05-08 7606 7606 3565 0 13579 
2020-05-11 0 -7606 17144 24 0 
