date demand demandChange inventoryPosition leadTime marketPrice orderQuantity
2019-07-02 0 0 20000 24 0.12 0 
2019-07-03 0 0 20000 120 0.12 0 
2019-07-04 0 0 20000 48 0.12 0 
2019-07-05 0 0 20000 24 0.12 0 
2019-07-08 0 0 20000 48 0.12 0 
2019-07-09 0 0 20000 48 0.12 0 
2019-07-10 0 0 20000 120 0.12 0 
2019-07-11 0 0 20000 48 0.12 0 
2019-07-12 0 0 20000 96 0.12 0 
2019-07-15 0 0 20000 96 0.12 0 
2019-07-16 0 0 20000 48 0.12 0 
2019-07-17 0 0 20000 24 0.12 0 
2019-07-18 0 0 20000 48 0.12 0 
2019-07-19 0 0 20000 24 0.12 0 
2019-07-22 0 0 20000 48 0.12 0 
2019-07-23 0 0 20000 120 0.12 0 
2019-07-24 0 0 20000 24 0.12 0 
2019-07-25 0 0 20000 48 0.12 0 
2019-07-26 7918 7918 12082 24 0.12 40175 
2019-07-29 15195 7277 37062 48 0.12 34648 
2019-07-30 0 -15195 71710 96 0.12 0 
2019-07-31 0 0 71710 24 0.12 0 
2019-08-01 0 0 71710 72 0.12 0 
2019-08-02 16264 16264 55446 48 0.12 24084 
2019-08-05 3465 -12799 76065 24 0.12 0 
2019-08-06 18782 15317 57283 120 0.12 19959 
2019-08-07 40437 21655 36805 96 0.12 67183 
2019-08-08 26035 -14402 103988 120 0.12 0 
2019-08-09 26049 14 103988 96 0.12 0 
2019-08-12 7212 -18837 96776 72 0.12 0 
2019-08-13 11366 4154 96776 96 0.12 0 
2019-08-14 17651 6285 79125 24 0.12 29672 
2019-08-15 0 -17651 108797 48 0.12 0 
2019-08-16 9311 9311 99486 24 0.12 0 
2019-08-19 0 -9311 99486 48 0.12 0 
2019-08-20 9410 9410 90076 120 0.12 0 
2019-08-21 6572 -2838 83504 120 0.12 0 
2019-08-22 0 -6572 83504 48 0.12 0 
2019-08-23 14260 14260 69244 48 0.12 28604 
2019-08-26 20864 6604 76984 24 0.12 22299 
2019-08-27 0 -20864 99283 48 0.12 0 
2019-08-28 8532 8532 90751 24 0.12 0 
2019-08-29 6679 -1853 84072 48 0.12 0 
2019-08-30 14063 7384 70009 48 0.12 21778 
2019-09-02 0 -14063 91787 24 0.12 0 
2019-09-03 0 0 91787 48 0.12 0 
2019-09-04 5323 5323 86464 96 0.12 0 
2019-09-05 0 -5323 86464 72 0.12 0 
2019-09-06 0 0 86464 72 0.12 0 
2019-09-09 0 0 86464 48 0.12 0 
2019-09-10 14351 14351 72113 48 0.12 0 
2019-09-11 8941 -5410 63172 48 0.12 22656 
2019-09-12 19942 11001 65886 96 0.12 21797 
2019-09-13 11486 -8456 76197 48 0.12 0 
2019-09-16 0 -11486 76197 48 0.12 0 
2019-09-17 4730 4730 71467 48 0.12 0 
2019-09-18 0 -4730 71467 48 0.12 0 
2019-09-19 24497 24497 46970 24 0.12 38441 
2019-09-20 4285 -20212 81126 24 0.12 0 
2019-09-23 18783 14498 62343 24 0.12 21459 
2019-09-24 0 -18783 83802 48 0.12 0 
2019-09-25 0 0 83802 96 0.12 0 
2019-09-26 0 0 83802 48 0.12 0 
2019-09-27 23725 23725 60077 96 0.12 25762 
2019-09-30 0 -23725 85839 24 0.12 0 
2019-10-01 14126 14126 71713 120 0.12 0 
2019-10-02 21964 7838 49749 96 0.12 38695 
2019-10-03 6085 -15879 82359 96 0.12 0 
2019-10-04 0 -6085 82359 24 0.12 0 
2019-10-07 4304 4304 78055 24 0.12 0 
2019-10-08 0 -4304 78055 48 0.12 0 
2019-10-09 6885 6885 71170 24 0.12 0 
2019-10-10 0 -6885 71170 24 0.12 0 
2019-10-11 5460 5460 65710 48 0.12 0 
2019-10-14 0 -5460 65710 120 0.12 0 
2019-10-15 29295 29295 36415 24 0.12 48468 
2019-10-16 3917 -25378 80966 24 0.12 0 
2019-10-17 0 -3917 80966 48 0.12 0 
2019-10-18 16793 16793 64173 120 0.12 20137 
2019-10-21 0 -16793 84310 96 0.12 0 
2019-10-22 0 0 84310 120 0.16 0 
2019-10-23 10603 10603 73707 96 0.16 0 
2019-10-24 0 -10603 73707 120 0.16 0 
2019-10-25 0 0 73707 48 0.16 0 
2019-10-28 5189 5189 68518 48 0.16 0 
2019-10-29 0 -5189 68518 48 0.16 0 
2019-10-30 0 0 68518 48 0.16 0 
2019-10-31 15503 15503 53015 96 0.16 31481 
2019-11-01 0 -15503 84496 48 0.16 0 
2019-11-04 0 0 84496 24 0.16 0 
2019-11-05 3820 3820 80676 120 0.16 0 
2019-11-06 0 -3820 80676 120 0.16 0 
2019-11-07 17367 17367 63309 48 0.16 21206 
2019-11-08 4699 -12668 79816 120 0.16 0 
2019-11-11 0 -4699 79816 48 0.16 0 
2019-11-12 15302 15302 64514 48 0.16 19375 
2019-11-13 11916 -3386 71973 120 0.16 0 
2019-11-14 0 -11916 71973 72 0.16 0 
2019-11-15 9014 9014 62959 48 0.16 20585 
2019-11-18 0 -9014 83544 96 0.16 0 
2019-11-19 5805 5805 77739 48 0.16 0 
2019-11-20 4663 -1142 73076 48 0.16 0 
2019-11-21 11352 6689 61724 24 0.16 19448 
2019-11-22 11509 157 69663 24 0.16 0 
2019-11-25 13054 1545 56609 24 0.16 24131 
2019-11-26 13764 710 66976 72 0.16 0 
2019-11-27 0 -13764 66976 48 0.16 0 
2019-11-28 0 0 66976 48 0.16 0 
2019-11-29 0 0 66976 48 0.16 0 
2019-12-02 11729 11729 55247 96 0.16 25049 
2019-12-03 24110 12381 56186 96 0.16 25432 
2019-12-04 4209 -19901 77409 120 0.16 0 
2019-12-05 4222 13 73187 120 0.16 0 
2019-12-06 0 -4222 73187 48 0.16 0 
2019-12-09 0 0 73187 48 0.16 0 
2019-12-10 8884 8884 64303 48 0.16 0 
2019-12-11 0 -8884 64303 24 0.16 0 
2019-12-12 12808 12808 51495 96 0.16 28617 
2019-12-13 0 -12808 80112 48 0.16 0 
2019-12-16 0 0 80112 120 0.16 0 
2019-12-17 5544 5544 74568 120 0.16 0 
2019-12-18 25406 19862 49162 120 0.16 32743 
2019-12-19 0 -25406 81905 72 0.16 0 
2019-12-20 7512 7512 74393 96 0.16 0 
2019-12-23 9412 1900 64981 48 0.16 0 
2019-12-24 0 -9412 64981 24 0.16 0 
2019-12-25 0 0 64981 24 0.16 0 
2019-12-26 7752 7752 57229 24 0.16 22987 
2019-12-27 8570 818 71646 48 0.16 0 
2019-12-30 4665 -3905 66981 120 0.16 0 
2019-12-31 14737 10072 52244 48 0.16 27289 
2020-01-01 0 -14737 79533 24 0.16 0 
2020-01-02 10674 10674 68859 48 0.16 0 
2020-01-03 3693 -6981 65166 96 0.16 0 
2020-01-06 0 -3693 65166 24 0.16 0 
2020-01-07 25015 25015 40151 24 0.16 39188 
2020-01-08 0 -25015 79339 24 0.16 0 
2020-01-09 7141 7141 72198 24 0.16 0 
2020-01-10 4159 -2982 68039 24 0.16 0 
2020-01-13 0 -4159 68039 48 0.16 0 
2020-01-14 13024 13024 55015 48 0.16 22703 
2020-01-15 0 -13024 77718 72 0.16 0 
2020-01-16 0 0 77718 96 0.16 0 
2020-01-17 17381 17381 60337 96 0.16 0 
2020-01-20 3793 -13588 56544 24 0.16 21016 
2020-01-21 0 -3793 77560 120 0.16 0 
2020-01-22 0 0 77560 120 0.16 0 
2020-01-23 5579 5579 71981 96 0.16 0 
2020-01-24 0 -5579 71981 96 0.16 0 
2020-01-27 0 0 71981 48 0.16 0 
2020-01-28 21309 21309 50672 120 0.16 28296 
2020-01-29 12932 -8377 66036 96 0.16 0 
2020-01-30 0 -12932 66036 48 0.16 0 
2020-01-31 15402 15402 50634 120 0.16 28938 
2020-02-03 0 -15402 79572 24 0.16 0 
2020-02-04 7271 7271 72301 96 0.16 0 
2020-02-05 0 -7271 72301 72 0.16 0 
2020-02-06 6815 6815 65486 24 0.16 0 
2020-02-07 9948 3133 55538 48 0.16 22855 
2020-02-10 12758 2810 65635 120 0.16 0 
2020-02-11 8583 -4175 57052 24 0.16 21376 
2020-02-12 6546 -2037 71882 24 0.16 0 
2020-02-13 8380 1834 63502 120 0.16 0 
2020-02-14 3853 -4527 59649 96 0.16 17934 
2020-02-17 0 -3853 77583 24 0.16 0 
2020-02-18 17232 17232 60351 120 0.16 0 
2020-02-19 0 -17232 60351 24 0.16 0 
2020-02-20 9458 9458 50893 96 0.16 27083 
2020-02-21 0 -9458 77976 24 0.16 0 
2020-02-24 21947 21947 56029 48 0.16 22385 
2020-02-25 8744 -13203 69670 48 0.16 0 
2020-02-26 14769 6025 54901 48 0.16 23255 
2020-02-27 22374 7605 55782 48 0.16 22904 
2020-02-28 0 -22374 78686 48 0.16 0 
2020-03-02 0 0 78686 120 0.16 0 
2020-03-03 0 0 78686 120 0.16 0 
2020-03-04 0 0 78686 24 0.16 0 
2020-03-05 4356 4356 74330 96 0.16 0 
2020-03-06 23111 18755 51219 48 0.16 28029 
2020-03-09 0 -23111 79248 120 0.16 0 
2020-03-10 16736 16736 62512 24 0.16 0 
2020-03-11 0 -16736 62512 24 0.16 0 
2020-03-12 13338 13338 49174 48 0.16 30420 
2020-03-13 0 -13338 79594 24 0.16 0 
2020-03-16 22928 22928 56666 72 0.16 23419 
2020-03-17 0 -22928 80085 96 0.16 0 
2020-03-18 11252 11252 68833 96 0.16 0 
2020-03-19 0 -11252 68833 24 0.16 0 
2020-03-20 0 0 68833 120 0.16 0 
2020-03-23 15971 15971 52862 120 0.16 27998 
2020-03-24 8187 -7784 72673 120 0.16 0 
2020-03-25 22916 14729 49757 24 0.16 31652 
2020-03-26 7335 -15581 74074 24 0.16 0 
2020-03-27 0 -7335 74074 24 0.16 0 
2020-03-30 7258 7258 66816 24 0.16 0 
2020-03-31 3627 -3631 63189 24 0.16 0 
2020-04-01 0 -3627 63189 48 0.16 0 
2020-04-02 11438 11438 51751 48 0.16 28015 
2020-04-03 24223 12785 55543 96 0.16 24947 
2020-04-06 0 -24223 80490 96 0.16 0 
2020-04-07 20429 20429 60061 120 0.16 21198 
2020-04-08 0 -20429 81259 48 0.16 0 
2020-04-09 3696 3696 77563 24 0.16 0 
2020-04-10 0 -3696 77563 24 0.16 0 
2020-04-13 0 0 77563 48 0.16 0 
2020-04-14 3761 3761 73802 24 0.16 0 
2020-04-15 9043 5282 64759 120 0.16 0 
2020-04-16 0 -9043 64759 48 0.16 0 
2020-04-17 12874 12874 51885 96 0.16 28106 
2020-04-20 11850 -1024 68141 48 0.16 0 
2020-04-21 4758 -7092 63383 48 0.16 0 
2020-04-22 9896 5138 53487 24 0.16 25723 
2020-04-23 0 -9896 79210 48 0.16 0 
2020-04-24 9739 9739 69471 120 0.16 0 
2020-04-27 0 -9739 69471 96 0.16 0 
2020-04-28 5844 5844 63627 24 0.16 0 
2020-04-29 17702 11858 45925 48 0.16 33183 
2020-04-30 0 -17702 79108 24 0.16 0 
2020-05-01 7580 7580 71528 24 0.16 0 
2020-05-04 0 -7580 71528 48 0.16 0 
2020-05-05 4198 4198 67330 96 0.16 0 
2020-05-06 25247 21049 42083 24 0.16 36810 
2020-05-07 0 -25247 78893 24 0.16 0 
2020-05-08 19852 19852 59041 72 0.16 20102 
2020-05-11 6023 -13829 73120 24 0.16 0 
