date demand demandChange inventoryPosition orderQuantity
2019-07-02 0 0 0 0 
2019-07-03 0 0 0 0 
2019-07-04 0 0 0 0 
2019-07-05 0 0 0 0 
2019-07-08 0 0 0 0 
2019-07-09 0 0 0 0 
2019-07-10 0 0 0 0 
2019-07-11 0 0 0 0 
2019-07-12 0 0 0 0 
2019-07-15 0 0 0 0 
2019-07-16 0 0 0 0 
2019-07-17 2250 2250 0 7111 
2019-07-18 0 -2250 0 7111 
2019-07-19 0 0 0 7111 
2019-07-22 0 0 0 7111 
2019-07-23 0 0 0 7111 
2019-07-24 0 0 0 7111 
2019-07-25 0 0 7111 0 
2019-07-26 0 0 7111 0 
2019-07-29 0 0 7111 0 
2019-07-30 0 0 7111 0 
2019-07-31 7500 7500 7111 0 
2019-08-01 0 -7500 7111 0 
2019-08-02 0 0 7111 0 
2019-08-05 0 0 7111 0 
2019-08-06 0 0 7111 0 
2019-08-07 0 0 7111 0 
2019-08-08 4500 4500 2611 9202 
2019-08-09 0 -4500 11813 0 
2019-08-12 0 0 11813 0 
2019-08-13 0 0 11813 0 
2019-08-14 0 0 11813 0 
2019-08-15 0 0 11813 0 
2019-08-16 0 0 11813 0 
2019-08-19 0 0 11813 0 
2019-08-20 0 0 11813 0 
2019-08-21 0 0 11813 0 
2019-08-22 0 0 11813 0 
2019-08-23 0 0 11813 0 
2019-08-26 0 0 11813 0 
2019-08-27 4349 4349 7464 0 
2019-08-28 0 -4349 7464 0 
2019-08-29 0 0 7464 0 
2019-08-30 0 0 7464 0 
2019-09-02 0 0 7464 0 
2019-09-03 0 0 7464 0 
2019-09-04 0 0 7464 0 
2019-09-05 0 0 7464 0 
2019-09-06 0 0 7464 0 
2019-09-09 0 0 7464 0 
2019-09-10 0 0 7464 0 
2019-09-11 5244 5244 2220 9626 
2019-09-12 0 -5244 11846 0 
2019-09-13 0 0 11846 0 
2019-09-16 0 0 11846 0 
2019-09-17 0 0 11846 0 
2019-09-18 0 0 11846 0 
2019-09-19 5323 5323 6523 0 
2019-09-20 0 -5323 6523 0 
2019-09-23 0 0 6523 0 
2019-09-24 0 0 6523 0 
2019-09-25 0 0 6523 0 
2019-09-26 0 0 6523 0 
2019-09-27 0 0 6523 0 
2019-09-30 0 0 6523 0 
2019-10-01 0 0 6523 0 
2019-10-02 4833 4833 1690 10309 
2019-10-03 0 -4833 11999 0 
2019-10-04 0 0 11999 0 
2019-10-07 0 0 11999 0 
2019-10-08 0 0 11999 0 
2019-10-09 0 0 11999 0 
2019-10-10 0 0 11999 0 
2019-10-11 0 0 11999 0 
2019-10-14 5421 5421 6578 0 
2019-10-15 0 -5421 6578 0 
2019-10-16 0 0 6578 0 
2019-10-17 0 0 6578 0 
2019-10-18 0 0 6578 0 
2019-10-21 0 0 6578 0 
2019-10-22 0 0 6578 0 
2019-10-23 0 0 6578 0 
2019-10-24 0 0 6578 0 
2019-10-25 0 0 6578 0 
2019-10-28 0 0 6578 0 
2019-10-29 0 0 6578 0 
2019-10-30 0 0 6578 0 
2019-10-31 4663 4663 1915 10156 
2019-11-01 0 -4663 12071 0 
2019-11-04 0 0 12071 0 
2019-11-05 0 0 12071 0 
2019-11-06 0 0 12071 0 
2019-11-07 0 0 12071 0 
2019-11-08 4500 4500 7571 0 
2019-11-11 0 -4500 7571 0 
2019-11-12 0 0 7571 0 
2019-11-13 0 0 7571 0 
2019-11-14 0 0 7571 0 
2019-11-15 0 0 7571 0 
2019-11-18 3036 3036 4535 7178 
2019-11-19 0 -3036 11713 0 
2019-11-20 0 0 11713 0 
2019-11-21 0 0 11713 0 
2019-11-22 0 0 11713 0 
2019-11-25 3667 3667 8046 0 
2019-11-26 0 -3667 8046 0 
2019-11-27 0 0 8046 0 
2019-11-28 0 0 8046 0 
2019-11-29 0 0 8046 0 
2019-12-02 0 0 8046 0 
2019-12-03 0 0 8046 0 
2019-12-04 0 0 8046 0 
2019-12-05 0 0 8046 0 
2019-12-06 0 0 8046 0 
2019-12-09 0 0 8046 0 
2019-12-10 6750 6750 1296 10555 
2019-12-11 0 -6750 11851 0 
2019-12-12 0 0 11851 0 
2019-12-13 0 0 11851 0 
2019-12-16 0 0 11851 0 
2019-12-17 0 0 11851 0 
2019-12-18 0 0 11851 0 
2019-12-19 0 0 11851 0 
2019-12-20 4475 4475 7376 0 
2019-12-23 0 -4475 7376 0 
2019-12-24 0 0 7376 0 
2019-12-25 3775 3775 3601 8100 
2019-12-26 0 -3775 11701 0 
2019-12-27 0 0 11701 0 
2019-12-30 0 0 11701 0 
2019-12-31 3000 3000 8701 0 
2020-01-01 0 -3000 8701 0 
2020-01-02 0 0 8701 0 
2020-01-03 0 0 8701 0 
2020-01-06 0 0 8701 0 
2020-01-07 0 0 8701 0 
2020-01-08 0 0 8701 0 
2020-01-09 0 0 8701 0 
2020-01-10 2666 2666 6035 0 
2020-01-13 0 -2666 6035 0 
2020-01-14 0 0 6035 0 
2020-01-15 0 0 6035 0 
2020-01-16 0 0 6035 0 
2020-01-17 0 0 6035 0 
2020-01-20 0 0 6035 0 
2020-01-21 0 0 6035 0 
2020-01-22 5000 5000 1035 10335 
2020-01-23 0 -5000 11370 0 
2020-01-24 0 0 11370 0 
2020-01-27 0 0 11370 0 
2020-01-28 0 0 11370 0 
2020-01-29 0 0 11370 0 
2020-01-30 0 0 11370 0 
2020-01-31 0 0 11370 0 
2020-02-03 3847 3847 7523 0 
2020-02-04 0 -3847 7523 0 
2020-02-05 0 0 7523 0 
2020-02-06 0 0 7523 0 
2020-02-07 5986 5986 1537 9907 
2020-02-10 0 -5986 11444 0 
2020-02-11 0 0 11444 0 
2020-02-12 0 0 11444 0 
2020-02-13 0 0 11444 0 
2020-02-14 5000 5000 6444 0 
2020-02-17 0 -5000 6444 0 
2020-02-18 0 0 6444 0 
2020-02-19 0 0 6444 0 
2020-02-20 0 0 6444 0 
2020-02-21 0 0 6444 0 
2020-02-24 0 0 6444 0 
2020-02-25 3383 3383 3061 8327 
2020-02-26 0 -3383 11388 0 
2020-02-27 0 0 11388 0 
2020-02-28 0 0 11388 0 
2020-03-02 0 0 11388 0 
2020-03-03 0 0 11388 0 
2020-03-04 0 0 11388 0 
2020-03-05 4284 4284 7104 0 
2020-03-06 0 -4284 7104 0 
2020-03-09 0 0 7104 0 
2020-03-10 0 0 7104 0 
2020-03-11 0 0 7104 0 
2020-03-12 0 0 7104 0 
2020-03-13 0 0 7104 0 
2020-03-16 0 0 7104 0 
2020-03-17 0 0 7104 0 
2020-03-18 0 0 7104 0 
2020-03-19 5226 5226 1878 9547 
2020-03-20 0 -5226 11425 0 
2020-03-23 0 0 11425 0 
2020-03-24 0 0 11425 0 
2020-03-25 4955 4955 6470 0 
2020-03-26 0 -4955 6470 0 
2020-03-27 0 0 6470 0 
2020-03-30 0 0 6470 0 
2020-03-31 4486 4486 1984 9467 
2020-04-01 0 -4486 11451 0 
2020-04-02 0 0 11451 0 
2020-04-03 0 0 11451 0 
2020-04-06 0 0 11451 0 
2020-04-07 4333 4333 7118 0 
2020-04-08 0 -4333 7118 0 
2020-04-09 0 0 7118 0 
2020-04-10 0 0 7118 0 
2020-04-13 0 0 7118 0 
2020-04-14 0 0 7118 0 
2020-04-15 0 0 7118 0 
2020-04-16 0 0 7118 0 
2020-04-17 0 0 7118 0 
2020-04-20 0 0 7118 0 
2020-04-21 0 0 7118 0 
2020-04-22 6039 6039 1079 10452 
2020-04-23 0 -6039 11531 0 
2020-04-24 0 0 11531 0 
2020-04-27 0 0 11531 0 
2020-04-28 1628 1628 9903 0 
2020-04-29 0 -1628 9903 0 
2020-04-30 0 0 9903 0 
2020-05-01 0 0 9903 0 
2020-05-04 0 0 9903 0 
2020-05-05 5000 5000 4903 0 
2020-05-06 0 -5000 4903 0 
2020-05-07 0 0 4903 0 
2020-05-08 0 0 4903 0 
2020-05-11 0 0 4903 0 
