date demand demandChange inventoryPosition orderQuantity
2019-07-02 0 0 3000 0 
2019-07-03 0 0 3000 0 
2019-07-04 0 0 3000 0 
2019-07-05 0 0 3000 0 
2019-07-08 0 0 3000 0 
2019-07-09 0 0 3000 0 
2019-07-10 0 0 3000 0 
2019-07-11 0 0 3000 0 
2019-07-12 0 0 3000 0 
2019-07-15 0 0 3000 0 
2019-07-16 0 0 3000 0 
2019-07-17 0 0 3000 0 
2019-07-18 0 0 3000 0 
2019-07-19 0 0 3000 0 
2019-07-22 0 0 3000 0 
2019-07-23 0 0 3000 0 
2019-07-24 0 0 3000 0 
2019-07-25 0 0 3000 0 
2019-07-26 0 0 3000 0 
2019-07-29 2162 2162 838 4236 
2019-07-30 0 -2162 5074 0 
2019-07-31 0 0 5074 0 
2019-08-01 0 0 5074 0 
2019-08-02 3947 3947 1127 5389 
2019-08-05 0 -3947 6516 0 
2019-08-06 0 0 6516 0 
2019-08-07 0 0 6516 0 
2019-08-08 0 0 6516 0 
2019-08-09 0 0 6516 0 
2019-08-12 0 0 6516 0 
2019-08-13 0 0 6516 0 
2019-08-14 0 0 6516 0 
2019-08-15 0 0 6516 0 
2019-08-16 0 0 6516 0 
2019-08-19 0 0 6516 0 
2019-08-20 0 0 6516 0 
2019-08-21 1987 1987 4529 0 
2019-08-22 0 -1987 4529 0 
2019-08-23 0 0 4529 0 
2019-08-26 0 0 4529 0 
2019-08-27 0 0 4529 0 
2019-08-28 0 0 4529 0 
2019-08-29 0 0 4529 0 
2019-08-30 0 0 4529 0 
2019-09-02 0 0 4529 0 
2019-09-03 2368 2368 2161 3658 
2019-09-04 0 -2368 5819 0 
2019-09-05 0 0 5819 0 
2019-09-06 1999 1999 3820 0 
2019-09-09 0 -1999 3820 0 
2019-09-10 1985 1985 1835 3646 
2019-09-11 0 -1985 5481 0 
2019-09-12 0 0 5481 0 
2019-09-13 2375 2375 3106 0 
2019-09-16 0 -2375 3106 0 
2019-09-17 0 0 3106 0 
2019-09-18 0 0 3106 0 
2019-09-19 0 0 3106 0 
2019-09-20 2060 2060 1046 4358 
2019-09-23 0 -2060 5404 0 
2019-09-24 0 0 5404 0 
2019-09-25 2056 2056 3348 0 
2019-09-26 0 -2056 3348 0 
2019-09-27 2153 2153 1195 4125 
2019-09-30 0 -2153 5320 0 
2019-10-01 0 0 5320 0 
2019-10-02 0 0 5320 0 
2019-10-03 0 0 5320 0 
2019-10-04 0 0 5320 0 
2019-10-07 0 0 5320 0 
2019-10-08 0 0 5320 0 
2019-10-09 0 0 5320 0 
2019-10-10 2263 2263 3057 0 
2019-10-11 0 -2263 3057 0 
2019-10-14 0 0 3057 0 
2019-10-15 2217 2217 840 4460 
2019-10-16 0 -2217 5300 0 
2019-10-17 0 0 5300 0 
2019-10-18 0 0 5300 0 
2019-10-21 0 0 5300 0 
2019-10-22 1983 1983 3317 0 
2019-10-23 0 -1983 3317 0 
2019-10-24 0 0 3317 0 
2019-10-25 0 0 3317 0 
2019-10-28 0 0 3317 0 
2019-10-29 1710 1710 1607 3587 
2019-10-30 0 -1710 5194 0 
2019-10-31 0 0 5194 0 
2019-11-01 2115 2115 3079 0 
2019-11-04 0 -2115 3079 0 
2019-11-05 0 0 3079 0 
2019-11-06 0 0 3079 0 
2019-11-07 1656 1656 1423 3698 
2019-11-08 1977 321 3144 0 
2019-11-11 0 -1977 3144 0 
2019-11-12 0 0 3144 0 
2019-11-13 0 0 3144 0 
2019-11-14 0 0 3144 0 
2019-11-15 0 0 3144 0 
2019-11-18 0 0 3144 0 
2019-11-19 0 0 3144 0 
2019-11-20 0 0 3144 0 
2019-11-21 0 0 3144 0 
2019-11-22 0 0 3144 0 
2019-11-25 0 0 3144 0 
2019-11-26 0 0 3144 0 
2019-11-27 0 0 3144 0 
2019-11-28 0 0 3144 0 
2019-11-29 0 0 3144 0 
2019-12-02 0 0 3144 0 
2019-12-03 0 0 3144 0 
2019-12-04 1860 1860 1284 3787 
2019-12-05 0 -1860 5071 0 
2019-12-06 0 0 5071 0 
2019-12-09 0 0 5071 0 
2019-12-10 1865 1865 3206 0 
2019-12-11 0 -1865 3206 0 
2019-12-12 0 0 3206 0 
2019-12-13 0 0 3206 0 
2019-12-16 0 0 3206 0 
2019-12-17 0 0 3206 0 
2019-12-18 0 0 3206 0 
2019-12-19 0 0 3206 0 
2019-12-20 0 0 3206 0 
2019-12-23 0 0 3206 0 
2019-12-24 0 0 3206 0 
2019-12-25 0 0 3206 0 
2019-12-26 1682 1682 1524 3482 
2019-12-27 4848 3166 158 5065 
2019-12-30 0 -4848 5223 0 
2019-12-31 0 0 5223 0 
2020-01-01 0 0 5223 0 
2020-01-02 1556 1556 3667 0 
2020-01-03 0 -1556 3667 0 
2020-01-06 0 0 3667 0 
2020-01-07 0 0 3667 0 
2020-01-08 0 0 3667 0 
2020-01-09 0 0 3667 0 
2020-01-10 0 0 3667 0 
2020-01-13 0 0 3667 0 
2020-01-14 0 0 3667 0 
2020-01-15 0 0 3667 0 
2020-01-16 1470 1470 2197 0 
2020-01-17 0 -1470 2197 0 
2020-01-20 0 0 2197 0 
2020-01-21 0 0 2197 0 
2020-01-22 0 0 2197 0 
2020-01-23 0 0 2197 0 
2020-01-24 0 0 2197 0 
2020-01-27 0 0 2197 0 
2020-01-28 0 0 2197 0 
2020-01-29 0 0 2197 0 
2020-01-30 0 0 2197 0 
2020-01-31 0 0 2197 0 
2020-02-03 0 0 2197 0 
2020-02-04 0 0 2197 0 
2020-02-05 0 0 2197 0 
2020-02-06 0 0 2197 0 
2020-02-07 0 0 2197 0 
2020-02-10 0 0 2197 0 
2020-02-11 0 0 2197 0 
2020-02-12 0 0 2197 0 
2020-02-13 0 0 2197 0 
2020-02-14 0 0 2197 0 
2020-02-17 0 0 2197 0 
2020-02-18 0 0 2197 0 
2020-02-19 0 0 2197 0 
2020-02-20 0 0 2197 0 
2020-02-21 0 0 2197 0 
2020-02-24 0 0 2197 0 
2020-02-25 1569 1569 628 4445 
2020-02-26 0 -1569 5073 0 
2020-02-27 0 0 5073 0 
2020-02-28 1477 1477 3596 0 
2020-03-02 0 -1477 3596 0 
2020-03-03 0 0 3596 0 
2020-03-04 0 0 3596 0 
2020-03-05 0 0 3596 0 
2020-03-06 0 0 3596 0 
2020-03-09 0 0 3596 0 
2020-03-10 0 0 3596 0 
2020-03-11 0 0 3596 0 
2020-03-12 0 0 3596 0 
2020-03-13 0 0 3596 0 
2020-03-16 0 0 3596 0 
2020-03-17 0 0 3596 0 
2020-03-18 1869 1869 1727 3283 
2020-03-19 1815 -54 3195 0 
2020-03-20 0 -1815 3195 0 
2020-03-23 0 0 3195 0 
2020-03-24 0 0 3195 0 
2020-03-25 2062 2062 1133 3855 
2020-03-26 0 -2062 4988 0 
2020-03-27 0 0 4988 0 
2020-03-30 0 0 4988 0 
2020-03-31 0 0 4988 0 
2020-04-01 0 0 4988 0 
2020-04-02 2181 2181 2807 0 
2020-04-03 0 -2181 2807 0 
2020-04-06 0 0 2807 0 
2020-04-07 1732 1732 1075 3895 
2020-04-08 0 -1732 4970 0 
2020-04-09 0 0 4970 0 
2020-04-10 0 0 4970 0 
2020-04-13 0 0 4970 0 
2020-04-14 0 0 4970 0 
2020-04-15 0 0 4970 0 
2020-04-16 0 0 4970 0 
2020-04-17 0 0 4970 0 
2020-04-20 0 0 4970 0 
2020-04-21 0 0 4970 0 
2020-04-22 0 0 4970 0 
2020-04-23 6603 6603 4970 0 
2020-04-24 0 -6603 4970 0 
2020-04-27 0 0 4970 0 
2020-04-28 0 0 4970 0 
2020-04-29 0 0 4970 0 
2020-04-30 0 0 4970 0 
2020-05-01 0 0 4970 0 
2020-05-04 0 0 4970 0 
2020-05-05 0 0 4970 0 
2020-05-06 0 0 4970 0 
2020-05-07 0 0 4970 0 
2020-05-08 2128 2128 2842 0 
2020-05-11 0 -2128 2842 0 
