date demand demandChange inventoryPosition orderQuantity
2019-07-02 0 0 3000 0 
2019-07-03 0 0 3000 0 
2019-07-04 0 0 3000 0 
2019-07-05 0 0 3000 0 
2019-07-08 0 0 3000 0 
2019-07-09 1500 1500 1500 2619 
2019-07-10 750 -750 3369 0 
2019-07-11 750 0 2619 0 
2019-07-12 0 -750 2619 0 
2019-07-15 0 0 2619 0 
2019-07-16 0 0 2619 0 
2019-07-17 3000 3000 2619 0 
2019-07-18 0 -3000 2619 0 
2019-07-19 0 0 2619 0 
2019-07-22 0 0 2619 0 
2019-07-23 3000 3000 2619 0 
2019-07-24 0 -3000 2619 0 
2019-07-25 0 0 2619 0 
2019-07-26 0 0 2619 0 
2019-07-29 0 0 2619 0 
2019-07-30 0 0 2619 0 
2019-07-31 4500 4500 2619 0 
2019-08-01 0 -4500 2619 0 
2019-08-02 0 0 2619 0 
2019-08-05 0 0 2619 0 
2019-08-06 0 0 2619 0 
2019-08-07 0 0 2619 0 
2019-08-08 0 0 2619 0 
2019-08-09 0 0 2619 0 
2019-08-12 0 0 2619 0 
2019-08-13 0 0 2619 0 
2019-08-14 0 0 2619 0 
2019-08-15 0 0 2619 0 
2019-08-16 3000 3000 2619 0 
2019-08-19 0 -3000 2619 0 
2019-08-20 0 0 2619 0 
2019-08-21 0 0 2619 0 
2019-08-22 0 0 2619 0 
2019-08-23 0 0 2619 0 
2019-08-26 4315 4315 2619 0 
2019-08-27 0 -4315 2619 0 
2019-08-28 0 0 2619 0 
2019-08-29 0 0 2619 0 
2019-08-30 0 0 2619 0 
2019-09-02 3935 3935 2619 3677 
2019-09-03 0 -3935 6296 0 
2019-09-04 0 0 6296 0 
2019-09-05 0 0 6296 0 
2019-09-06 0 0 6296 0 
2019-09-09 0 0 6296 0 
2019-09-10 0 0 6296 0 
2019-09-11 4369 4369 1927 4634 
2019-09-12 0 -4369 6561 0 
2019-09-13 0 0 6561 0 
2019-09-16 0 0 6561 0 
2019-09-17 3881 3881 2680 4024 
2019-09-18 0 -3881 6704 0 
2019-09-19 1500 1500 5204 0 
2019-09-20 0 -1500 5204 0 
2019-09-23 0 0 5204 0 
2019-09-24 0 0 5204 0 
2019-09-25 0 0 5204 0 
2019-09-26 3750 3750 1454 5157 
2019-09-27 0 -3750 6611 0 
2019-09-30 0 0 6611 0 
2019-10-01 0 0 6611 0 
2019-10-02 0 0 6611 0 
2019-10-03 3431 3431 3180 0 
2019-10-04 0 -3431 3180 0 
2019-10-07 0 0 3180 0 
2019-10-08 0 0 3180 0 
2019-10-09 3319 3319 3180 0 
2019-10-10 0 -3319 3180 0 
2019-10-11 0 0 3180 0 
2019-10-14 0 0 3180 0 
2019-10-15 0 0 3180 0 
2019-10-16 0 0 3180 0 
2019-10-17 0 0 3180 0 
2019-10-18 0 0 3180 0 
2019-10-21 0 0 3180 0 
2019-10-22 0 0 3180 0 
2019-10-23 3091 3091 89 6624 
2019-10-24 0 -3091 6713 0 
2019-10-25 0 0 6713 0 
2019-10-28 0 0 6713 0 
2019-10-29 0 0 6713 0 
2019-10-30 3104 3104 3609 0 
2019-10-31 0 -3104 3609 0 
2019-11-01 0 0 3609 0 
2019-11-04 3721 3721 3609 0 
2019-11-05 0 -3721 3609 0 
2019-11-06 0 0 3609 0 
2019-11-07 0 0 3609 0 
2019-11-08 2803 2803 806 5959 
2019-11-11 0 -2803 6765 0 
2019-11-12 1697 1697 5068 0 
2019-11-13 0 -1697 5068 0 
2019-11-14 0 0 5068 0 
2019-11-15 2250 2250 2818 3783 
2019-11-18 0 -2250 6601 0 
2019-11-19 0 0 6601 0 
2019-11-20 0 0 6601 0 
2019-11-21 0 0 6601 0 
2019-11-22 0 0 6601 0 
2019-11-25 0 0 6601 0 
2019-11-26 0 0 6601 0 
2019-11-27 0 0 6601 0 
2019-11-28 4083 4083 2518 4168 
2019-11-29 0 -4083 6686 0 
2019-12-02 0 0 6686 0 
2019-12-03 2250 2250 4436 0 
2019-12-04 0 -2250 4436 0 
2019-12-05 0 0 4436 0 
2019-12-06 0 0 4436 0 
2019-12-09 0 0 4436 0 
2019-12-10 0 0 4436 0 
2019-12-11 4500 4500 4436 0 
2019-12-12 0 -4500 4436 0 
2019-12-13 0 0 4436 0 
2019-12-16 0 0 4436 0 
2019-12-17 2791 2791 1645 5078 
2019-12-18 0 -2791 6723 0 
2019-12-19 1709 1709 5014 0 
2019-12-20 0 -1709 5014 0 
2019-12-23 0 0 5014 0 
2019-12-24 2250 2250 2764 3836 
2019-12-25 0 -2250 6600 0 
2019-12-26 0 0 6600 0 
2019-12-27 0 0 6600 0 
2019-12-30 2622 2622 3978 0 
2019-12-31 0 -2622 3978 0 
2020-01-01 0 0 3978 0 
2020-01-02 0 0 3978 0 
2020-01-03 0 0 3978 0 
2020-01-06 0 0 3978 0 
2020-01-07 3108 3108 870 5722 
2020-01-08 1770 -1338 4822 0 
2020-01-09 0 -1770 4822 0 
2020-01-10 0 0 4822 0 
2020-01-13 2250 2250 2572 3922 
2020-01-14 0 -2250 6494 0 
2020-01-15 0 0 6494 0 
2020-01-16 0 0 6494 0 
2020-01-17 0 0 6494 0 
2020-01-20 0 0 6494 0 
2020-01-21 4708 4708 1786 4802 
2020-01-22 0 -4708 6588 0 
2020-01-23 2776 2776 3812 0 
2020-01-24 877 -1899 2935 0 
2020-01-27 0 -877 2935 0 
2020-01-28 0 0 2935 0 
2020-01-29 0 0 2935 0 
2020-01-30 0 0 2935 0 
2020-01-31 0 0 2935 0 
2020-02-03 0 0 2935 0 
2020-02-04 0 0 2935 0 
2020-02-05 3840 3840 2935 0 
2020-02-06 0 -3840 2935 0 
2020-02-07 0 0 2935 0 
2020-02-10 3494 3494 2935 0 
2020-02-11 0 -3494 2935 0 
2020-02-12 0 0 2935 0 
2020-02-13 0 0 2935 0 
2020-02-14 0 0 2935 0 
2020-02-17 0 0 2935 0 
2020-02-18 0 0 2935 0 
2020-02-19 2413 2413 522 6011 
2020-02-20 0 -2413 6533 0 
2020-02-21 2587 2587 3946 0 
2020-02-24 0 -2587 3946 0 
2020-02-25 0 0 3946 0 
2020-02-26 0 0 3946 0 
2020-02-27 4000 4000 3946 0 
2020-02-28 0 -4000 3946 0 
2020-03-02 0 0 3946 0 
2020-03-03 2856 2856 1090 5474 
2020-03-04 0 -2856 6564 0 
2020-03-05 0 0 6564 0 
2020-03-06 3144 3144 3420 0 
2020-03-09 0 -3144 3420 0 
2020-03-10 0 0 3420 0 
2020-03-11 0 0 3420 0 
2020-03-12 0 0 3420 0 
2020-03-13 0 0 3420 0 
2020-03-16 5000 5000 3420 0 
2020-03-17 0 -5000 3420 0 
2020-03-18 0 0 3420 0 
2020-03-19 0 0 3420 0 
2020-03-20 2712 2712 708 5936 
2020-03-23 0 -2712 6644 0 
2020-03-24 0 0 6644 0 
2020-03-25 0 0 6644 0 
2020-03-26 0 0 6644 0 
2020-03-27 0 0 6644 0 
2020-03-30 0 0 6644 0 
2020-03-31 0 0 6644 0 
2020-04-01 0 0 6644 0 
2020-04-02 3474 3474 3170 0 
2020-04-03 0 -3474 3170 0 
2020-04-06 0 0 3170 0 
2020-04-07 0 0 3170 0 
2020-04-08 3838 3838 3170 0 
2020-04-09 1162 -2676 2008 4621 
2020-04-10 0 -1162 6629 0 
2020-04-13 0 0 6629 0 
2020-04-14 0 0 6629 0 
2020-04-15 0 0 6629 0 
2020-04-16 0 0 6629 0 
2020-04-17 0 0 6629 0 
2020-04-20 3106 3106 3523 0 
2020-04-21 0 -3106 3523 0 
2020-04-22 0 0 3523 0 
2020-04-23 0 0 3523 0 
2020-04-24 3403 3403 120 6530 
2020-04-27 0 -3403 6650 0 
2020-04-28 0 0 6650 0 
2020-04-29 0 0 6650 0 
2020-04-30 0 0 6650 0 
2020-05-01 0 0 6650 0 
2020-05-04 4836 4836 1814 4898 
2020-05-05 0 -4836 6712 0 
2020-05-06 0 0 6712 0 
2020-05-07 3135 3135 3577 0 
2020-05-08 0 -3135 3577 0 
2020-05-11 0 0 3577 0 
