date demand demandChange inventoryPosition orderQuantity
2019-07-02 0 0 3000 0 
2019-07-03 0 0 3000 0 
2019-07-04 0 0 3000 0 
2019-07-05 0 0 3000 0 
2019-07-08 0 0 3000 0 
2019-07-09 0 0 3000 0 
2019-07-10 0 0 3000 0 
2019-07-11 0 0 3000 0 
2019-07-12 0 0 3000 0 
2019-07-15 0 0 3000 0 
2019-07-16 0 0 3000 0 
2019-07-17 0 0 3000 0 
2019-07-18 0 0 3000 0 
2019-07-19 0 0 3000 0 
2019-07-22 0 0 3000 0 
2019-07-23 333 333 2667 0 
2019-07-24 0 -333 2667 0 
2019-07-25 1500 1500 1167 0 
2019-07-26 0 -1500 1167 0 
2019-07-29 0 0 1167 0 
2019-07-30 0 0 1167 0 
2019-07-31 0 0 1167 0 
2019-08-01 0 0 1167 0 
2019-08-02 0 0 1167 0 
2019-08-05 0 0 1167 0 
2019-08-06 0 0 1167 0 
2019-08-07 1784 1784 1167 2214 
2019-08-08 5716 3932 3381 0 
2019-08-09 0 -5716 3381 0 
2019-08-12 0 0 3381 0 
2019-08-13 0 0 3381 0 
2019-08-14 2192 2192 1189 4123 
2019-08-15 0 -2192 5312 0 
2019-08-16 1960 1960 3352 0 
2019-08-19 0 -1960 3352 0 
2019-08-20 0 0 3352 0 
2019-08-21 0 0 3352 0 
2019-08-22 0 0 3352 0 
2019-08-23 0 0 3352 0 
2019-08-26 3764 3764 3352 0 
2019-08-27 0 -3764 3352 0 
2019-08-28 0 0 3352 0 
2019-08-29 0 0 3352 0 
2019-08-30 3000 3000 352 5331 
2019-09-02 0 -3000 5683 0 
2019-09-03 0 0 5683 0 
2019-09-04 2243 2243 3440 0 
2019-09-05 0 -2243 3440 0 
2019-09-06 0 0 3440 0 
2019-09-09 0 0 3440 0 
2019-09-10 0 0 3440 0 
2019-09-11 0 0 3440 0 
2019-09-12 0 0 3440 0 
2019-09-13 0 0 3440 0 
2019-09-16 0 0 3440 0 
2019-09-17 0 0 3440 0 
2019-09-18 0 0 3440 0 
2019-09-19 0 0 3440 0 
2019-09-20 0 0 3440 0 
2019-09-23 2230 2230 1210 4377 
2019-09-24 0 -2230 5587 0 
2019-09-25 0 0 5587 0 
2019-09-26 0 0 5587 0 
2019-09-27 0 0 5587 0 
2019-09-30 0 0 5587 0 
2019-10-01 0 0 5587 0 
2019-10-02 0 0 5587 0 
2019-10-03 2104 2104 3483 0 
2019-10-04 0 -2104 3483 0 
2019-10-07 2252 2252 1231 4276 
2019-10-08 0 -2252 5507 0 
2019-10-09 0 0 5507 0 
2019-10-10 2160 2160 3347 0 
2019-10-11 0 -2160 3347 0 
2019-10-14 0 0 3347 0 
2019-10-15 0 0 3347 0 
2019-10-16 0 0 3347 0 
2019-10-17 0 0 3347 0 
2019-10-18 0 0 3347 0 
2019-10-21 0 0 3347 0 
2019-10-22 0 0 3347 0 
2019-10-23 2004 2004 1343 4084 
2019-10-24 0 -2004 5427 0 
2019-10-25 0 0 5427 0 
2019-10-28 0 0 5427 0 
2019-10-29 0 0 5427 0 
2019-10-30 0 0 5427 0 
2019-10-31 0 0 5427 0 
2019-11-01 0 0 5427 0 
2019-11-04 0 0 5427 0 
2019-11-05 0 0 5427 0 
2019-11-06 0 0 5427 0 
2019-11-07 0 0 5427 0 
2019-11-08 0 0 5427 0 
2019-11-11 0 0 5427 0 
2019-11-12 1828 1828 3599 0 
2019-11-13 0 -1828 3599 0 
2019-11-14 0 0 3599 0 
2019-11-15 0 0 3599 0 
2019-11-18 0 0 3599 0 
2019-11-19 0 0 3599 0 
2019-11-20 0 0 3599 0 
2019-11-21 0 0 3599 0 
2019-11-22 3007 3007 592 4843 
2019-11-25 0 -3007 5435 0 
2019-11-26 0 0 5435 0 
2019-11-27 0 0 5435 0 
2019-11-28 0 0 5435 0 
2019-11-29 0 0 5435 0 
2019-12-02 0 0 5435 0 
2019-12-03 0 0 5435 0 
2019-12-04 0 0 5435 0 
2019-12-05 0 0 5435 0 
2019-12-06 0 0 5435 0 
2019-12-09 0 0 5435 0 
2019-12-10 0 0 5435 0 
2019-12-11 0 0 5435 0 
2019-12-12 0 0 5435 0 
2019-12-13 0 0 5435 0 
2019-12-16 0 0 5435 0 
2019-12-17 0 0 5435 0 
2019-12-18 1484 1484 3951 0 
2019-12-19 0 -1484 3951 0 
2019-12-20 0 0 3951 0 
2019-12-23 0 0 3951 0 
2019-12-24 0 0 3951 0 
2019-12-25 0 0 3951 0 
2019-12-26 0 0 3951 0 
2019-12-27 0 0 3951 0 
2019-12-30 0 0 3951 0 
2019-12-31 0 0 3951 0 
2020-01-01 0 0 3951 0 
2020-01-02 0 0 3951 0 
2020-01-03 0 0 3951 0 
2020-01-06 0 0 3951 0 
2020-01-07 0 0 3951 0 
2020-01-08 0 0 3951 0 
2020-01-09 0 0 3951 0 
2020-01-10 0 0 3951 0 
2020-01-13 0 0 3951 0 
2020-01-14 2536 2536 1415 3953 
2020-01-15 0 -2536 5368 0 
2020-01-16 0 0 5368 0 
2020-01-17 0 0 5368 0 
2020-01-20 0 0 5368 0 
2020-01-21 0 0 5368 0 
2020-01-22 0 0 5368 0 
2020-01-23 0 0 5368 0 
2020-01-24 0 0 5368 0 
2020-01-27 0 0 5368 0 
2020-01-28 0 0 5368 0 
2020-01-29 0 0 5368 0 
2020-01-30 0 0 5368 0 
2020-01-31 0 0 5368 0 
2020-02-03 0 0 5368 0 
2020-02-04 0 0 5368 0 
2020-02-05 0 0 5368 0 
2020-02-06 0 0 5368 0 
2020-02-07 0 0 5368 0 
2020-02-10 1489 1489 3879 0 
2020-02-11 0 -1489 3879 0 
2020-02-12 1638 1638 2241 2999 
2020-02-13 0 -1638 5240 0 
2020-02-14 0 0 5240 0 
2020-02-17 0 0 5240 0 
2020-02-18 3037 3037 2203 3099 
2020-02-19 0 -3037 5302 0 
2020-02-20 0 0 5302 0 
2020-02-21 0 0 5302 0 
2020-02-24 0 0 5302 0 
2020-02-25 0 0 5302 0 
2020-02-26 0 0 5302 0 
2020-02-27 0 0 5302 0 
2020-02-28 0 0 5302 0 
2020-03-02 0 0 5302 0 
2020-03-03 1445 1445 3857 0 
2020-03-04 0 -1445 3857 0 
2020-03-05 2913 2913 944 4340 
2020-03-06 0 -2913 5284 0 
2020-03-09 0 0 5284 0 
2020-03-10 0 0 5284 0 
2020-03-11 0 0 5284 0 
2020-03-12 0 0 5284 0 
2020-03-13 0 0 5284 0 
2020-03-16 0 0 5284 0 
2020-03-17 0 0 5284 0 
2020-03-18 0 0 5284 0 
2020-03-19 0 0 5284 0 
2020-03-20 0 0 5284 0 
2020-03-23 1758 1758 3526 0 
2020-03-24 3795 2037 3526 0 
2020-03-25 0 -3795 3526 0 
2020-03-26 1876 1876 1650 3670 
2020-03-27 0 -1876 5320 0 
2020-03-30 0 0 5320 0 
2020-03-31 0 0 5320 0 
2020-04-01 0 0 5320 0 
2020-04-02 0 0 5320 0 
2020-04-03 13002 13002 1404 4560 
2020-04-06 0 -13002 5964 0 
2020-04-07 0 0 5964 0 
2020-04-08 0 0 5964 0 
2020-04-09 0 0 5964 0 
2020-04-10 0 0 5964 0 
2020-04-13 0 0 5964 0 
2020-04-14 0 0 5964 0 
2020-04-15 0 0 5964 0 
2020-04-16 0 0 5964 0 
2020-04-17 0 0 5964 0 
2020-04-20 0 0 5964 0 
2020-04-21 0 0 5964 0 
2020-04-22 0 0 5964 0 
2020-04-23 3355 3355 2609 3392 
2020-04-24 0 -3355 6001 0 
2020-04-27 0 0 6001 0 
2020-04-28 0 0 6001 0 
2020-04-29 2917 2917 3084 0 
2020-04-30 0 -2917 3084 0 
2020-05-01 0 0 3084 0 
2020-05-04 0 0 3084 0 
2020-05-05 0 0 3084 0 
2020-05-06 0 0 3084 0 
2020-05-07 0 0 3084 0 
2020-05-08 0 0 3084 0 
2020-05-11 3029 3029 55 5972 
