date demand demandChange inventoryPosition orderQuantity
2019-07-02 0 0 0 0 
2019-07-03 0 0 0 0 
2019-07-04 0 0 0 0 
2019-07-05 0 0 0 0 
2019-07-08 0 0 0 0 
2019-07-09 0 0 0 0 
2019-07-10 0 0 0 0 
2019-07-11 0 0 0 0 
2019-07-12 0 0 0 0 
2019-07-15 0 0 0 0 
2019-07-16 0 0 0 0 
2019-07-17 0 0 0 0 
2019-07-18 0 0 0 0 
2019-07-19 0 0 0 0 
2019-07-22 0 0 0 0 
2019-07-23 0 0 0 0 
2019-07-24 0 0 0 0 
2019-07-25 0 0 0 0 
2019-07-26 0 0 0 0 
2019-07-29 0 0 0 0 
2019-07-30 0 0 0 0 
2019-07-31 0 0 0 0 
2019-08-01 0 0 0 0 
2019-08-02 0 0 0 0 
2019-08-05 0 0 0 0 
2019-08-06 0 0 0 0 
2019-08-07 0 0 0 0 
2019-08-08 0 0 0 0 
2019-08-09 0 0 0 0 
2019-08-12 0 0 0 0 
2019-08-13 0 0 0 0 
2019-08-14 0 0 0 0 
2019-08-15 0 0 0 0 
2019-08-16 0 0 0 0 
2019-08-19 0 0 0 0 
2019-08-20 0 0 0 0 
2019-08-21 0 0 0 0 
2019-08-22 0 0 0 0 
2019-08-23 0 0 0 0 
2019-08-26 0 0 0 0 
2019-08-27 0 0 0 0 
2019-08-28 0 0 0 0 
2019-08-29 0 0 0 0 
2019-08-30 3618 3618 0 8419 
2019-09-02 0 -3618 8419 0 
2019-09-03 0 0 8419 0 
2019-09-04 3608 3608 4811 0 
2019-09-05 0 -3608 4811 0 
2019-09-06 0 0 4811 0 
2019-09-09 0 0 4811 0 
2019-09-10 0 0 4811 0 
2019-09-11 0 0 4811 0 
2019-09-12 3889 3889 922 7642 
2019-09-13 0 -3889 8564 0 
2019-09-16 3183 3183 5381 0 
2019-09-17 0 -3183 5381 0 
2019-09-18 0 0 5381 0 
2019-09-19 0 0 5381 0 
2019-09-20 0 0 5381 0 
2019-09-23 0 0 5381 0 
2019-09-24 0 0 5381 0 
2019-09-25 0 0 5381 0 
2019-09-26 0 0 5381 0 
2019-09-27 0 0 5381 0 
2019-09-30 0 0 5381 0 
2019-10-01 0 0 5381 0 
2019-10-02 0 0 5381 0 
2019-10-03 0 0 5381 0 
2019-10-04 0 0 5381 0 
2019-10-07 7285 7285 5381 0 
2019-10-08 0 -7285 5381 0 
2019-10-09 0 0 5381 0 
2019-10-10 0 0 5381 0 
2019-10-11 0 0 5381 0 
2019-10-14 0 0 5381 0 
2019-10-15 4500 4500 881 8730 
2019-10-16 0 -4500 9611 0 
2019-10-17 0 0 9611 0 
2019-10-18 0 0 9611 0 
2019-10-21 0 0 9611 0 
2019-10-22 0 0 9611 0 
2019-10-23 0 0 9611 0 
2019-10-24 0 0 9611 0 
2019-10-25 0 0 9611 0 
2019-10-28 0 0 9611 0 
2019-10-29 0 0 9611 0 
2019-10-30 0 0 9611 0 
2019-10-31 0 0 9611 0 
2019-11-01 0 0 9611 0 
2019-11-04 0 0 9611 0 
2019-11-05 0 0 9611 0 
2019-11-06 0 0 9611 0 
2019-11-07 0 0 9611 0 
2019-11-08 0 0 9611 0 
2019-11-11 0 0 9611 0 
2019-11-12 2980 2980 6631 0 
2019-11-13 0 -2980 6631 0 
2019-11-14 0 0 6631 0 
2019-11-15 2660 2660 3971 0 
2019-11-18 0 -2660 3971 0 
2019-11-19 0 0 3971 0 
2019-11-20 0 0 3971 0 
2019-11-21 0 0 3971 0 
2019-11-22 0 0 3971 0 
2019-11-25 3281 3281 690 8178 
2019-11-26 0 -3281 8868 0 
2019-11-27 0 0 8868 0 
2019-11-28 3053 3053 5815 0 
2019-11-29 0 -3053 5815 0 
2019-12-02 0 0 5815 0 
2019-12-03 2913 2913 2902 5695 
2019-12-04 0 -2913 8597 0 
2019-12-05 0 0 8597 0 
2019-12-06 0 0 8597 0 
2019-12-09 0 0 8597 0 
2019-12-10 0 0 8597 0 
2019-12-11 0 0 8597 0 
2019-12-12 0 0 8597 0 
2019-12-13 0 0 8597 0 
2019-12-16 0 0 8597 0 
2019-12-17 0 0 8597 0 
2019-12-18 2586 2586 6011 0 
2019-12-19 0 -2586 6011 0 
2019-12-20 0 0 6011 0 
2019-12-23 0 0 6011 0 
2019-12-24 0 0 6011 0 
2019-12-25 0 0 6011 0 
2019-12-26 0 0 6011 0 
2019-12-27 0 0 6011 0 
2019-12-30 2388 2388 3623 0 
2019-12-31 0 -2388 3623 0 
2020-01-01 0 0 3623 0 
2020-01-02 0 0 3623 0 
2020-01-03 0 0 3623 0 
2020-01-06 0 0 3623 0 
2020-01-07 2686 2686 937 7242 
2020-01-08 0 -2686 8179 0 
2020-01-09 0 0 8179 0 
2020-01-10 0 0 8179 0 
2020-01-13 0 0 8179 0 
2020-01-14 0 0 8179 0 
2020-01-15 0 0 8179 0 
2020-01-16 0 0 8179 0 
2020-01-17 0 0 8179 0 
2020-01-20 0 0 8179 0 
2020-01-21 0 0 8179 0 
2020-01-22 0 0 8179 0 
2020-01-23 0 0 8179 0 
2020-01-24 2151 2151 6028 0 
2020-01-27 0 -2151 6028 0 
2020-01-28 0 0 6028 0 
2020-01-29 0 0 6028 0 
2020-01-30 0 0 6028 0 
2020-01-31 0 0 6028 0 
2020-02-03 0 0 6028 0 
2020-02-04 0 0 6028 0 
2020-02-05 0 0 6028 0 
2020-02-06 0 0 6028 0 
2020-02-07 0 0 6028 0 
2020-02-10 0 0 6028 0 
2020-02-11 0 0 6028 0 
2020-02-12 0 0 6028 0 
2020-02-13 0 0 6028 0 
2020-02-14 0 0 6028 0 
2020-02-17 0 0 6028 0 
2020-02-18 0 0 6028 0 
2020-02-19 0 0 6028 0 
2020-02-20 0 0 6028 0 
2020-02-21 0 0 6028 0 
2020-02-24 0 0 6028 0 
2020-02-25 0 0 6028 0 
2020-02-26 0 0 6028 0 
2020-02-27 2890 2890 3138 4840 
2020-02-28 0 -2890 7978 0 
2020-03-02 0 0 7978 0 
2020-03-03 2290 2290 5688 0 
2020-03-04 0 -2290 5688 0 
2020-03-05 0 0 5688 0 
2020-03-06 0 0 5688 0 
2020-03-09 0 0 5688 0 
2020-03-10 0 0 5688 0 
2020-03-11 0 0 5688 0 
2020-03-12 0 0 5688 0 
2020-03-13 0 0 5688 0 
2020-03-16 0 0 5688 0 
2020-03-17 3174 3174 2514 5347 
2020-03-18 0 -3174 7861 0 
2020-03-19 0 0 7861 0 
2020-03-20 0 0 7861 0 
2020-03-23 0 0 7861 0 
2020-03-24 0 0 7861 0 
2020-03-25 0 0 7861 0 
2020-03-26 2250 2250 5611 0 
2020-03-27 0 -2250 5611 0 
2020-03-30 0 0 5611 0 
2020-03-31 0 0 5611 0 
2020-04-01 0 0 5611 0 
2020-04-02 0 0 5611 0 
2020-04-03 3679 3679 1932 5875 
2020-04-06 0 -3679 7807 0 
2020-04-07 0 0 7807 0 
2020-04-08 0 0 7807 0 
2020-04-09 0 0 7807 0 
2020-04-10 0 0 7807 0 
2020-04-13 0 0 7807 0 
2020-04-14 0 0 7807 0 
2020-04-15 0 0 7807 0 
2020-04-16 0 0 7807 0 
2020-04-17 0 0 7807 0 
2020-04-20 0 0 7807 0 
2020-04-21 0 0 7807 0 
2020-04-22 0 0 7807 0 
2020-04-23 0 0 7807 0 
2020-04-24 0 0 7807 0 
2020-04-27 0 0 7807 0 
2020-04-28 0 0 7807 0 
2020-04-29 0 0 7807 0 
2020-04-30 0 0 7807 0 
2020-05-01 0 0 7807 0 
2020-05-04 0 0 7807 0 
2020-05-05 0 0 7807 0 
2020-05-06 0 0 7807 0 
2020-05-07 0 0 7807 0 
2020-05-08 0 0 7807 0 
2020-05-11 0 0 7807 0 
