date demand demandChange inventoryPosition leadTime orderQuantity
2019-07-02 0 0 9000 24 0 
2019-07-03 0 0 9000 24 0 
2019-07-04 0 0 9000 24 0 
2019-07-05 0 0 9000 24 0 
2019-07-08 0 0 9000 24 0 
2019-07-09 0 0 9000 24 0 
2019-07-10 0 0 9000 24 0 
2019-07-11 0 0 9000 72 0 
2019-07-12 0 0 9000 24 0 
2019-07-15 0 0 9000 0 0 
2019-07-16 0 0 9000 24 0 
2019-07-17 14922 14922 774 24 39612 
2019-07-18 0 -14922 774 24 38829 
2019-07-19 0 0 774 24 38141 
2019-07-22 0 0 774 0 38027 
2019-07-23 3905 3905 774 24 24646 
2019-07-24 3905 0 21515 24 0 
2019-07-25 3678 -227 17837 0 0 
2019-07-26 3264 -414 14573 24 0 
2019-07-29 3433 169 11140 72 6303 
2019-07-30 0 -3433 17443 24 0 
2019-07-31 0 0 17443 0 0 
2019-08-01 7591 7591 9852 24 7910 
2019-08-02 0 -7591 17762 24 0 
2019-08-05 0 0 17762 24 0 
2019-08-06 0 0 17762 24 0 
2019-08-07 5462 5462 12300 24 0 
2019-08-08 0 -5462 12300 24 0 
2019-08-09 0 0 12300 24 0 
2019-08-12 0 0 12300 0 0 
2019-08-13 0 0 12300 24 0 
2019-08-14 4191 4191 8109 0 8087 
2019-08-15 0 -4191 16196 24 0 
2019-08-16 3364 3364 12832 24 0 
2019-08-19 0 -3364 12832 24 0 
2019-08-20 4448 4448 8384 24 6751 
2019-08-21 0 -4448 15135 24 0 
2019-08-22 0 0 15135 0 0 
2019-08-23 5250 5250 9885 0 5086 
2019-08-26 4419 -831 10552 24 0 
2019-08-27 0 -4419 10552 24 0 
2019-08-28 0 0 10552 24 0 
2019-08-29 0 0 10552 24 0 
2019-08-30 0 0 10552 24 0 
2019-09-02 0 0 10552 24 0 
2019-09-03 4473 4473 6079 24 8256 
2019-09-04 3595 -878 10740 24 0 
2019-09-05 0 -3595 10740 24 0 
2019-09-06 0 0 10740 0 0 
2019-09-09 0 0 10740 24 0 
2019-09-10 0 0 10740 24 0 
2019-09-11 6282 6282 4458 24 9591 
2019-09-12 0 -6282 14049 24 0 
2019-09-13 0 0 14049 24 0 
2019-09-16 0 0 14049 24 0 
2019-09-17 0 0 14049 24 0 
2019-09-18 0 0 14049 24 0 
2019-09-19 0 0 14049 24 0 
2019-09-20 3550 3550 10499 24 0 
2019-09-23 5487 1937 5012 0 8643 
2019-09-24 0 -5487 13655 24 0 
2019-09-25 0 0 13655 24 0 
2019-09-26 0 0 13655 24 0 
2019-09-27 0 0 13655 24 0 
2019-09-30 0 0 13655 24 0 
2019-10-01 11640 11640 2015 24 12241 
2019-10-02 0 -11640 14256 0 0 
2019-10-03 0 0 14256 24 0 
2019-10-04 0 0 14256 24 0 
2019-10-07 0 0 14256 0 0 
2019-10-08 0 0 14256 24 0 
2019-10-09 0 0 14256 24 0 
2019-10-10 5874 5874 8382 24 5799 
2019-10-11 0 -5874 14181 0 0 
2019-10-14 0 0 14181 24 0 
2019-10-15 5964 5964 8217 0 5985 
2019-10-16 6488 524 7714 24 6570 
2019-10-17 0 -6488 14284 24 0 
2019-10-18 0 0 14284 24 0 
2019-10-21 0 0 14284 24 0 
2019-10-22 0 0 14284 24 0 
2019-10-23 0 0 14284 0 0 
2019-10-24 0 0 14284 24 0 
2019-10-25 0 0 14284 24 0 
2019-10-28 0 0 14284 24 0 
2019-10-29 0 0 14284 24 0 
2019-10-30 10815 10815 3469 0 11151 
2019-10-31 0 -10815 14620 0 0 
2019-11-01 0 0 14620 24 0 
2019-11-04 0 0 14620 24 0 
2019-11-05 0 0 14620 24 0 
2019-11-06 6412 6412 8208 0 6413 
2019-11-07 0 -6412 14621 0 0 
2019-11-08 10441 10441 4180 24 10811 
2019-11-11 0 -10441 14991 24 0 
2019-11-12 0 0 14991 24 0 
2019-11-13 0 0 14991 24 0 
2019-11-14 0 0 14991 24 0 
2019-11-15 0 0 14991 24 0 
2019-11-18 0 0 14991 24 0 
2019-11-19 0 0 14991 72 0 
2019-11-20 0 0 14991 24 0 
2019-11-21 11158 11158 3833 0 12015 
2019-11-22 0 -11158 15848 24 0 
2019-11-25 5574 5574 10274 24 5494 
2019-11-26 0 -5574 15768 0 0 
2019-11-27 0 0 15768 24 0 
2019-11-28 0 0 15768 24 0 
2019-11-29 7450 7450 8318 24 7494 
2019-12-02 0 -7450 15812 24 0 
2019-12-03 0 0 15812 0 0 
2019-12-04 0 0 15812 24 0 
2019-12-05 6019 6019 9793 24 5953 
2019-12-06 3803 -2216 11943 24 0 
2019-12-09 0 -3803 11943 0 0 
2019-12-10 0 0 11943 24 0 
2019-12-11 0 0 11943 24 0 
2019-12-12 0 0 11943 72 0 
2019-12-13 0 0 11943 24 0 
2019-12-16 0 0 11943 24 0 
2019-12-17 5833 5833 6110 24 9796 
2019-12-18 5997 164 9909 24 5975 
2019-12-19 0 -5997 15884 24 0 
2019-12-20 0 0 15884 0 0 
2019-12-23 5574 5574 10310 24 5500 
2019-12-24 0 -5574 15810 24 0 
2019-12-25 4612 4612 11198 24 0 
2019-12-26 0 -4612 11198 24 0 
2019-12-27 0 0 11198 24 0 
2019-12-30 5823 5823 5375 24 10256 
2019-12-31 4455 -1368 11176 24 0 
2020-01-01 0 -4455 11176 24 0 
2020-01-02 0 0 11176 24 0 
2020-01-03 0 0 11176 24 0 
2020-01-06 5227 5227 5949 24 9476 
2020-01-07 3797 -1430 11628 24 0 
2020-01-08 3806 9 7822 24 7337 
2020-01-09 0 -3806 15159 24 0 
2020-01-10 0 0 15159 72 0 
2020-01-13 3653 3653 11506 0 0 
2020-01-14 0 -3653 11506 24 0 
2020-01-15 0 0 11506 24 0 
2020-01-16 10049 10049 1457 72 14451 
2020-01-17 0 -10049 15908 24 0 
2020-01-20 0 0 15908 24 0 
2020-01-21 4978 4978 10930 24 0 
2020-01-22 0 -4978 10930 0 0 
2020-01-23 4984 4984 5946 24 9797 
2020-01-24 0 -4984 15743 24 0 
2020-01-27 0 0 15743 24 0 
2020-01-28 6463 6463 9280 72 6769 
2020-01-29 4911 -1552 11138 0 0 
2020-01-30 3856 -1055 7282 24 8593 
2020-01-31 0 -3856 15875 24 0 
2020-02-03 0 0 15875 24 0 
2020-02-04 5615 5615 10260 24 5561 
2020-02-05 0 -5615 15821 24 0 
2020-02-06 9184 9184 6637 24 9318 
2020-02-07 0 -9184 15955 24 0 
2020-02-10 0 0 15955 24 0 
2020-02-11 0 0 15955 24 0 
2020-02-12 0 0 15955 24 0 
2020-02-13 0 0 15955 24 0 
2020-02-14 0 0 15955 0 0 
2020-02-17 0 0 15955 24 0 
2020-02-18 0 0 15955 24 0 
2020-02-19 15149 15149 806 0 15468 
2020-02-20 0 -15149 16274 24 0 
2020-02-21 0 0 16274 72 0 
2020-02-24 4211 4211 12063 24 0 
2020-02-25 4461 250 7602 24 8749 
2020-02-26 0 -4461 16351 0 0 
2020-02-27 4585 4585 11766 24 0 
2020-02-28 0 -4585 11766 24 0 
2020-03-02 0 0 11766 24 0 
2020-03-03 4599 4599 7167 24 9000 
2020-03-04 4991 392 11176 24 0 
2020-03-05 0 -4991 11176 24 0 
2020-03-06 6013 6013 5163 24 10928 
2020-03-09 0 -6013 16091 72 0 
2020-03-10 3703 3703 12388 0 0 
2020-03-11 0 -3703 12388 24 0 
2020-03-12 0 0 12388 24 0 
2020-03-13 0 0 12388 72 0 
2020-03-16 5683 5683 6705 24 9717 
2020-03-17 0 -5683 16422 24 0 
2020-03-18 10749 10749 5673 0 10927 
2020-03-19 0 -10749 16600 24 0 
2020-03-20 0 0 16600 0 0 
2020-03-23 0 0 16600 24 0 
2020-03-24 0 0 16600 0 0 
2020-03-25 0 0 16600 24 0 
2020-03-26 0 0 16600 24 0 
2020-03-27 0 0 16600 0 0 
2020-03-30 11499 11499 5101 24 11625 
2020-03-31 0 -11499 16726 24 0 
2020-04-01 0 0 16726 24 0 
2020-04-02 5461 5461 11265 24 5398 
2020-04-03 0 -5461 16663 0 0 
2020-04-06 0 0 16663 24 0 
2020-04-07 0 0 16663 24 0 
2020-04-08 0 0 16663 24 0 
2020-04-09 0 0 16663 72 0 
2020-04-10 0 0 16663 24 0 
2020-04-13 0 0 16663 24 0 
2020-04-14 4553 4553 12110 24 0 
2020-04-15 0 -4553 12110 24 0 
2020-04-16 0 0 12110 24 0 
2020-04-17 10817 10817 1293 0 15594 
2020-04-20 0 -10817 16887 0 0 
2020-04-21 0 0 16887 72 0 
2020-04-22 0 0 16887 24 0 
2020-04-23 3771 3771 13116 24 0 
2020-04-24 0 -3771 13116 24 0 
2020-04-27 0 0 13116 24 0 
2020-04-28 0 0 13116 72 0 
2020-04-29 0 0 13116 24 0 
2020-04-30 0 0 13116 24 0 
2020-05-01 12119 12119 997 0 16339 
2020-05-04 0 -12119 17336 0 0 
2020-05-05 6251 6251 11085 24 6233 
2020-05-06 0 -6251 17318 24 0 
2020-05-07 0 0 17318 24 0 
2020-05-08 0 0 17318 24 0 
2020-05-11 0 0 17318 24 0 
