date demand demandChange inventoryPosition leadTime marketPrice orderQuantity
2019-07-02 0 0 20000 24 0.21 0 
2019-07-03 0 0 20000 72 0.21 0 
2019-07-04 0 0 20000 48 0.21 0 
2019-07-05 0 0 20000 24 0.21 0 
2019-07-08 0 0 20000 24 0.21 0 
2019-07-09 8905 8905 11095 24 0.21 26419 
2019-07-10 0 -8905 37514 48 0.21 0 
2019-07-11 7193 7193 30321 48 0.21 0 
2019-07-12 0 -7193 30321 120 0.21 14589 
2019-07-15 0 0 44910 120 0.21 0 
2019-07-16 0 0 44910 72 0.21 0 
2019-07-17 78752 78752 37029 120 0.21 151210 
2019-07-18 69950 -8802 188239 48 0.21 47477 
2019-07-19 89632 19682 221770 96 0.21 70566 
2019-07-22 78487 -11145 292336 48 0.21 0 
2019-07-23 106389 27902 206498 96 0.21 147523 
2019-07-24 56882 -49507 297139 24 0.21 47725 
2019-07-25 10770 -46112 334094 120 0.21 0 
2019-07-26 0 -10770 334094 96 0.21 0 
2019-07-29 15045 15045 319049 24 0.21 0 
2019-07-30 0 -15045 319049 96 0.21 0 
2019-07-31 0 0 319049 48 0.21 0 
2019-08-01 7910 7910 311139 72 0.21 0 
2019-08-02 7744 -166 303395 120 0.21 0 
2019-08-05 0 -7744 303395 24 0.21 0 
2019-08-06 0 0 303395 72 0.21 0 
2019-08-07 12722 12722 290673 72 0.21 0 
2019-08-08 43352 30630 247321 72 0.21 0 
2019-08-09 0 -43352 247321 120 0.21 0 
2019-08-12 0 0 247321 24 0.21 0 
2019-08-13 8704 8704 238617 96 0.21 0 
2019-08-14 8087 -617 230530 120 0.21 0 
2019-08-15 16088 8001 214442 96 0.21 0 
2019-08-16 11086 -5002 203356 96 0.21 0 
2019-08-19 0 -11086 203356 120 0.21 0 
2019-08-20 6751 6751 196605 24 0.21 0 
2019-08-21 0 -6751 196605 24 0.21 0 
2019-08-22 0 0 196605 48 0.21 0 
2019-08-23 5086 5086 191519 24 0.21 0 
2019-08-26 11808 6722 179711 96 0.21 0 
2019-08-27 0 -11808 179711 48 0.21 0 
2019-08-28 8955 8955 170756 96 0.21 0 
2019-08-29 15494 6539 155262 48 0.21 24701 
2019-08-30 7257 -8237 172706 48 0.21 0 
2019-09-02 0 -7257 172706 120 0.21 0 
2019-09-03 23790 23790 148916 120 0.21 27732 
2019-09-04 6376 -17414 170272 120 0.21 0 
2019-09-05 0 -6376 170272 24 0.21 0 
2019-09-06 0 0 170272 48 0.21 0 
2019-09-09 0 0 170272 48 0.21 0 
2019-09-10 8395 8395 161877 48 0.21 0 
2019-09-11 29577 21182 132300 120 0.21 35749 
2019-09-12 9027 -20550 159022 96 0.21 0 
2019-09-13 12525 3498 146497 24 0.21 0 
2019-09-16 15704 3179 130793 72 0.21 28069 
2019-09-17 0 -15704 158862 24 0.21 0 
2019-09-18 13599 13599 145263 48 0.21 0 
2019-09-19 0 -13599 145263 72 0.21 0 
2019-09-20 0 0 145263 120 0.21 0 
2019-09-23 8643 8643 136620 96 0.21 0 
2019-09-24 19568 10925 117052 48 0.21 34979 
2019-09-25 7926 -11642 144105 120 0.21 0 
2019-09-26 5287 -2639 138818 72 0.21 0 
2019-09-27 13645 8358 125173 120 0.21 21456 
2019-09-30 0 -13645 146629 120 0.21 0 
2019-10-01 19397 19397 127232 48 0.21 0 
2019-10-02 17837 -1560 109395 120 0.21 37298 
2019-10-03 0 -17837 146693 24 0.21 0 
2019-10-04 0 0 146693 24 0.21 0 
2019-10-07 0 0 146693 72 0.21 0 
2019-10-08 0 0 146693 48 0.21 0 
2019-10-09 8102 8102 138591 48 0.21 0 
2019-10-10 15322 7220 123269 24 0.21 0 
2019-10-11 0 -15322 123269 120 0.21 0 
2019-10-14 0 0 123269 24 0.21 0 
2019-10-15 14144 14144 109125 120 0.21 32073 
2019-10-16 15892 1748 125306 120 0.21 0 
2019-10-17 20695 4803 104611 48 0.21 35869 
2019-10-18 0 -20695 140480 96 0.21 0 
2019-10-21 0 0 140480 96 0.21 0 
2019-10-22 0 0 140480 120 0.25 0 
2019-10-23 9842 9842 130638 96 0.25 0 
2019-10-24 0 -9842 130638 24 0.25 0 
2019-10-25 0 0 130638 120 0.25 0 
2019-10-28 11316 11316 119322 120 0.25 20405 
2019-10-29 23748 12432 115979 72 0.25 23671 
2019-10-30 11151 -12597 128499 24 0.25 0 
2019-10-31 16120 4969 112379 48 0.25 24584 
2019-11-01 7380 -8740 129583 48 0.25 0 
2019-11-04 0 -7380 129583 120 0.25 0 
2019-11-05 0 0 129583 120 0.25 0 
2019-11-06 6413 6413 123170 96 0.25 0 
2019-11-07 21735 15322 101435 96 0.25 33216 
2019-11-08 52580 30845 82071 48 0.25 55775 
2019-11-11 8152 -44428 129694 96 0.25 0 
2019-11-12 0 -8152 129694 120 0.25 0 
2019-11-13 6084 6084 123610 96 0.25 0 
2019-11-14 5993 -91 117617 48 0.25 0 
2019-11-15 7461 1468 110156 24 0.25 21643 
2019-11-18 0 -7461 131799 120 0.25 0 
2019-11-19 0 0 131799 48 0.25 0 
2019-11-20 9424 9424 122375 48 0.25 0 
2019-11-21 31559 22135 90816 120 0.25 41394 
2019-11-22 0 -31559 132210 24 0.25 0 
2019-11-25 5494 5494 126716 120 0.25 0 
2019-11-26 17528 12034 109188 96 0.25 21596 
2019-11-27 0 -17528 130784 24 0.25 0 
2019-11-28 8175 8175 122609 24 0.25 0 
2019-11-29 22726 14551 99883 24 0.25 29395 
2019-12-02 16304 -6422 112974 24 0.25 0 
2019-12-03 0 -16304 112974 96 0.25 0 
2019-12-04 6831 6831 106143 48 0.25 21096 
2019-12-05 5953 -878 121286 24 0.25 0 
2019-12-06 0 -5953 121286 24 0.25 0 
2019-12-09 0 0 121286 48 0.25 0 
2019-12-10 19418 19418 101868 96 0.25 23457 
2019-12-11 0 -19418 125325 24 0.25 0 
2019-12-12 8043 8043 117282 72 0.25 0 
2019-12-13 0 -8043 117282 24 0.25 0 
2019-12-16 22676 22676 94606 48 0.25 29110 
2019-12-17 26734 4058 96982 120 0.26 27848 
2019-12-18 25767 -967 99063 48 0.26 26006 
2019-12-19 0 -25767 125069 120 0.26 0 
2019-12-20 5228 5228 119841 48 0.26 0 
2019-12-23 14309 9081 105532 96 0.26 18201 
2019-12-24 25975 11666 97758 48 0.26 26236 
2019-12-25 11566 -14409 112428 120 0.26 0 
2019-12-26 0 -11566 112428 48 0.26 0 
2019-12-27 21518 21518 90910 48 0.26 32567 
2019-12-30 15911 -5607 107566 24 0.26 0 
2019-12-31 0 -15911 107566 48 0.26 0 
2020-01-01 0 0 107566 48 0.26 0 
2020-01-02 26668 26668 80898 48 0.26 41924 
2020-01-03 0 -26668 122822 24 0.26 0 
2020-01-06 9476 9476 113346 72 0.26 0 
2020-01-07 10209 733 103137 120 0.26 18394 
2020-01-08 19706 9497 101825 24 0.26 19574 
2020-01-09 8249 -11457 113150 24 0.26 0 
2020-01-10 14683 6434 98467 48 0.26 21432 
2020-01-13 0 -14683 119899 24 0.26 0 
2020-01-14 0 0 119899 120 0.26 0 
2020-01-15 7677 7677 112222 72 0.26 0 
2020-01-16 14451 6774 97771 24 0.26 20987 
2020-01-17 0 -14451 118758 96 0.26 0 
2020-01-20 6782 6782 111976 24 0.26 0 
2020-01-21 25044 18262 86932 24 0.26 31179 
2020-01-22 19185 -5859 98926 72 0.26 19072 
2020-01-23 33777 14592 84221 72 0.26 34620 
2020-01-24 0 -33777 118841 24 0.26 0 
2020-01-27 0 0 118841 48 0.26 0 
2020-01-28 23148 23148 95693 72 0.26 22904 
2020-01-29 0 -23148 118597 48 0.26 0 
2020-01-30 24722 24722 93875 48 0.26 24660 
2020-01-31 0 -24722 118535 96 0.26 0 
2020-02-03 13472 13472 105063 24 0.26 0 
2020-02-04 17208 3736 87855 120 0.26 30575 
2020-02-05 0 -17208 118430 48 0.26 0 
2020-02-06 9318 9318 109112 24 0.26 0 
2020-02-07 17349 8031 91763 48 0.26 25420 
2020-02-10 30897 13548 86286 96 0.26 31705 
2020-02-11 12901 -17996 105090 24 0.26 0 
2020-02-12 0 -12901 105090 48 0.26 0 
2020-02-13 0 0 105090 120 0.26 0 
2020-02-14 0 0 105090 24 0.26 0 
2020-02-17 6323 6323 98767 120 0.26 18439 
2020-02-18 5505 -818 111701 24 0.26 0 
2020-02-19 37023 31518 74678 48 0.26 42476 
2020-02-20 24764 -12259 92390 48 0.26 24912 
2020-02-21 17746 -7018 99556 48 0.26 17491 
2020-02-24 0 -17746 117047 72 0.26 0 
2020-02-25 28684 28684 88363 96 0.26 29200 
2020-02-26 5763 -22921 111800 48 0.26 0 
2020-02-27 7541 1778 104259 48 0.26 0 
2020-02-28 21732 14191 82527 48 0.26 33302 
2020-03-02 0 -21732 115829 48 0.26 0 
2020-03-03 14496 14496 101333 72 0.26 0 
2020-03-04 0 -14496 101333 96 0.26 0 
2020-03-05 0 0 101333 96 0.26 0 
2020-03-06 33127 33127 68206 120 0.26 48417 
2020-03-09 0 -33127 116623 24 0.26 0 
2020-03-10 5702 5702 110921 96 0.26 0 
2020-03-11 0 -5702 110921 24 0.26 0 
2020-03-12 0 0 110921 96 0.26 0 
2020-03-13 15025 15025 95896 24 0.26 19612 
2020-03-16 9717 -5308 105791 48 0.26 0 
2020-03-17 13389 3672 92402 120 0.26 22571 
2020-03-18 10927 -2462 104046 48 0.26 0 
2020-03-19 26668 15741 77378 120 0.26 37809 
2020-03-20 25294 -1374 89893 24 0.26 25505 
2020-03-23 0 -25294 115398 24 0.26 0 
2020-03-24 0 0 115398 48 0.26 0 
2020-03-25 0 0 115398 24 0.26 0 
2020-03-26 7931 7931 107467 120 0.26 0 
2020-03-27 13666 5735 93801 24 0.26 20645 
2020-03-30 32110 18444 82336 48 0.26 32609 
2020-03-31 9376 -22734 105569 120 0.26 0 
2020-04-01 0 -9376 105569 96 0.26 0 
2020-04-02 5398 5398 100171 48 0.26 0 
2020-04-03 23022 17624 77149 24 0.26 37083 
2020-04-06 8550 -14472 105682 48 0.26 0 
2020-04-07 21169 12619 84513 96 0.26 29301 
2020-04-08 0 -21169 113814 48 0.26 0 
2020-04-09 0 0 113814 48 0.26 0 
2020-04-10 0 0 113814 24 0.26 0 
2020-04-13 0 0 113814 72 0.26 0 
2020-04-14 23228 23228 90586 24 0.26 22822 
2020-04-15 0 -23228 113408 48 0.26 0 
2020-04-16 0 0 113408 24 0.26 0 
2020-04-17 21207 21207 92201 96 0.26 21145 
2020-04-20 8328 -12879 105018 24 0.26 0 
2020-04-21 0 -8328 105018 96 0.26 0 
2020-04-22 10412 10412 94606 24 0.26 17777 
2020-04-23 16487 6075 95896 48 0.26 0 
2020-04-24 16665 178 79231 120 0.26 33183 
2020-04-27 0 -16665 112414 24 0.26 0 
2020-04-28 0 0 112414 24 0.26 0 
2020-04-29 0 0 112414 24 0.26 0 
2020-04-30 0 0 112414 48 0.26 0 
2020-05-01 21907 21907 90507 48 0.26 21446 
2020-05-04 4892 -17015 107061 48 0.26 0 
2020-05-05 19401 14509 87660 72 0.26 23552 
2020-05-06 13669 -5732 97543 48 0.26 0 
2020-05-07 0 -13669 97543 48 0.26 0 
2020-05-08 22915 22915 74628 120 0.26 36639 
2020-05-11 6043 -16872 105224 24 0.26 0 
