date demand demandChange inventoryPosition orderQuantity
2019-07-02 0 0 0 0 
2019-07-03 0 0 0 0 
2019-07-04 0 0 0 0 
2019-07-05 0 0 0 0 
2019-07-08 0 0 0 0 
2019-07-09 0 0 0 0 
2019-07-10 0 0 0 0 
2019-07-11 0 0 0 0 
2019-07-12 0 0 0 0 
2019-07-15 0 0 0 0 
2019-07-16 0 0 0 0 
2019-07-17 2250 2250 0 7111 
2019-07-18 0 -2250 0 7111 
2019-07-19 0 0 0 7111 
2019-07-22 0 0 0 7111 
2019-07-23 0 0 0 7111 
2019-07-24 0 0 0 7111 
2019-07-25 0 0 7111 0 
2019-07-26 5250 5250 1861 8164 
2019-07-29 0 -5250 10025 0 
2019-07-30 0 0 10025 0 
2019-07-31 0 0 10025 0 
2019-08-01 0 0 10025 0 
2019-08-02 3750 3750 6275 0 
2019-08-05 0 -3750 6275 0 
2019-08-06 0 0 6275 0 
2019-08-07 0 0 6275 0 
2019-08-08 0 0 6275 0 
2019-08-09 0 0 6275 0 
2019-08-12 0 0 6275 0 
2019-08-13 0 0 6275 0 
2019-08-14 0 0 6275 0 
2019-08-15 0 0 6275 0 
2019-08-16 0 0 6275 0 
2019-08-19 0 0 6275 0 
2019-08-20 3750 3750 2525 7500 
2019-08-21 0 -3750 10025 0 
2019-08-22 0 0 10025 0 
2019-08-23 0 0 10025 0 
2019-08-26 0 0 10025 0 
2019-08-27 0 0 10025 0 
2019-08-28 0 0 10025 0 
2019-08-29 0 0 10025 0 
2019-08-30 0 0 10025 0 
2019-09-02 0 0 10025 0 
2019-09-03 0 0 10025 0 
2019-09-04 0 0 10025 0 
2019-09-05 6633 6633 3392 7676 
2019-09-06 0 -6633 11068 0 
2019-09-09 0 0 11068 0 
2019-09-10 0 0 11068 0 
2019-09-11 0 0 11068 0 
2019-09-12 0 0 11068 0 
2019-09-13 4950 4950 6118 0 
2019-09-16 0 -4950 6118 0 
2019-09-17 0 0 6118 0 
2019-09-18 0 0 6118 0 
2019-09-19 0 0 6118 0 
2019-09-20 0 0 6118 0 
2019-09-23 0 0 6118 0 
2019-09-24 4833 4833 1285 10068 
2019-09-25 0 -4833 11353 0 
2019-09-26 0 0 11353 0 
2019-09-27 0 0 11353 0 
2019-09-30 0 0 11353 0 
2019-10-01 0 0 11353 0 
2019-10-02 0 0 11353 0 
2019-10-03 0 0 11353 0 
2019-10-04 0 0 11353 0 
2019-10-07 0 0 11353 0 
2019-10-08 0 0 11353 0 
2019-10-09 0 0 11353 0 
2019-10-10 0 0 11353 0 
2019-10-11 5220 5220 6133 0 
2019-10-14 0 -5220 6133 0 
2019-10-15 0 0 6133 0 
2019-10-16 0 0 6133 0 
2019-10-17 0 0 6133 0 
2019-10-18 0 0 6133 0 
2019-10-21 0 0 6133 0 
2019-10-22 0 0 6133 0 
2019-10-23 0 0 6133 0 
2019-10-24 0 0 6133 0 
2019-10-25 0 0 6133 0 
2019-10-28 0 0 6133 0 
2019-10-29 5947 5947 186 11595 
2019-10-30 0 -5947 11781 0 
2019-10-31 0 0 11781 0 
2019-11-01 0 0 11781 0 
2019-11-04 0 0 11781 0 
2019-11-05 0 0 11781 0 
2019-11-06 0 0 11781 0 
2019-11-07 0 0 11781 0 
2019-11-08 6000 6000 5781 0 
2019-11-11 0 -6000 5781 0 
2019-11-12 0 0 5781 0 
2019-11-13 0 0 5781 0 
2019-11-14 0 0 5781 0 
2019-11-15 0 0 5781 0 
2019-11-18 0 0 5781 0 
2019-11-19 0 0 5781 0 
2019-11-20 0 0 5781 0 
2019-11-21 0 0 5781 0 
2019-11-22 0 0 5781 0 
2019-11-25 0 0 5781 0 
2019-11-26 4768 4768 1013 10975 
2019-11-27 0 -4768 11988 0 
2019-11-28 0 0 11988 0 
2019-11-29 0 0 11988 0 
2019-12-02 0 0 11988 0 
2019-12-03 0 0 11988 0 
2019-12-04 0 0 11988 0 
2019-12-05 0 0 11988 0 
2019-12-06 4206 4206 7782 0 
2019-12-09 0 -4206 7782 0 
2019-12-10 0 0 7782 0 
2019-12-11 0 0 7782 0 
2019-12-12 0 0 7782 0 
2019-12-13 0 0 7782 0 
2019-12-16 0 0 7782 0 
2019-12-17 7436 7436 346 11900 
2019-12-18 0 -7436 12246 0 
2019-12-19 0 0 12246 0 
2019-12-20 0 0 12246 0 
2019-12-23 0 0 12246 0 
2019-12-24 4543 4543 7703 0 
2019-12-25 0 -4543 7703 0 
2019-12-26 0 0 7703 0 
2019-12-27 0 0 7703 0 
2019-12-30 0 0 7703 0 
2019-12-31 0 0 7703 0 
2020-01-01 0 0 7703 0 
2020-01-02 3956 3956 3747 8326 
2020-01-03 0 -3956 12073 0 
2020-01-06 0 0 12073 0 
2020-01-07 0 0 12073 0 
2020-01-08 0 0 12073 0 
2020-01-09 0 0 12073 0 
2020-01-10 0 0 12073 0 
2020-01-13 0 0 12073 0 
2020-01-14 0 0 12073 0 
2020-01-15 0 0 12073 0 
2020-01-16 0 0 12073 0 
2020-01-17 0 0 12073 0 
2020-01-20 0 0 12073 0 
2020-01-21 3806 3806 8267 0 
2020-01-22 0 -3806 8267 0 
2020-01-23 0 0 8267 0 
2020-01-24 0 0 8267 0 
2020-01-27 0 0 8267 0 
2020-01-28 0 0 8267 0 
2020-01-29 0 0 8267 0 
2020-01-30 0 0 8267 0 
2020-01-31 0 0 8267 0 
2020-02-03 9026 9026 4577 7803 
2020-02-04 0 -9026 12380 0 
2020-02-05 0 0 12380 0 
2020-02-06 0 0 12380 0 
2020-02-07 0 0 12380 0 
2020-02-10 0 0 12380 0 
2020-02-11 3397 3397 8983 0 
2020-02-12 0 -3397 8983 0 
2020-02-13 0 0 8983 0 
2020-02-14 0 0 8983 0 
2020-02-17 0 0 8983 0 
2020-02-18 0 0 8983 0 
2020-02-19 0 0 8983 0 
2020-02-20 7350 7350 1633 10801 
2020-02-21 0 -7350 12434 0 
2020-02-24 0 0 12434 0 
2020-02-25 0 0 12434 0 
2020-02-26 0 0 12434 0 
2020-02-27 0 0 12434 0 
2020-02-28 0 0 12434 0 
2020-03-02 0 0 12434 0 
2020-03-03 0 0 12434 0 
2020-03-04 0 0 12434 0 
2020-03-05 0 0 12434 0 
2020-03-06 0 0 12434 0 
2020-03-09 0 0 12434 0 
2020-03-10 8381 8381 4053 8661 
2020-03-11 0 -8381 12714 0 
2020-03-12 0 0 12714 0 
2020-03-13 0 0 12714 0 
2020-03-16 0 0 12714 0 
2020-03-17 0 0 12714 0 
2020-03-18 0 0 12714 0 
2020-03-19 0 0 12714 0 
2020-03-20 0 0 12714 0 
2020-03-23 0 0 12714 0 
2020-03-24 0 0 12714 0 
2020-03-25 0 0 12714 0 
2020-03-26 0 0 12714 0 
2020-03-27 0 0 12714 0 
2020-03-30 11667 11667 1047 12184 
2020-03-31 0 -11667 13231 0 
2020-04-01 0 0 13231 0 
2020-04-02 0 0 13231 0 
2020-04-03 0 0 13231 0 
2020-04-06 0 0 13231 0 
2020-04-07 0 0 13231 0 
2020-04-08 5333 5333 7898 0 
2020-04-09 0 -5333 7898 0 
2020-04-10 0 0 7898 0 
2020-04-13 0 0 7898 0 
2020-04-14 0 0 7898 0 
2020-04-15 0 0 7898 0 
2020-04-16 0 0 7898 0 
2020-04-17 0 0 7898 0 
2020-04-20 0 0 7898 0 
2020-04-21 0 0 7898 0 
2020-04-22 0 0 7898 0 
2020-04-23 0 0 7898 0 
2020-04-24 4885 4885 3013 10149 
2020-04-27 0 -4885 13162 0 
2020-04-28 0 0 13162 0 
2020-04-29 0 0 13162 0 
2020-04-30 0 0 13162 0 
2020-05-01 0 0 13162 0 
2020-05-04 0 0 13162 0 
2020-05-05 0 0 13162 0 
2020-05-06 0 0 13162 0 
2020-05-07 8944 8944 4218 9183 
2020-05-08 0 -8944 13401 0 
2020-05-11 0 0 13401 0 
