date demand demandChange inventoryPosition orderQuantity
2019-07-02 0 0 3000 0 
2019-07-03 0 0 3000 0 
2019-07-04 0 0 3000 0 
2019-07-05 0 0 3000 0 
2019-07-08 0 0 3000 0 
2019-07-09 0 0 3000 0 
2019-07-10 0 0 3000 0 
2019-07-11 0 0 3000 0 
2019-07-12 0 0 3000 0 
2019-07-15 0 0 3000 0 
2019-07-16 0 0 3000 0 
2019-07-17 0 0 3000 0 
2019-07-18 0 0 3000 0 
2019-07-19 0 0 3000 0 
2019-07-22 0 0 3000 0 
2019-07-23 0 0 3000 0 
2019-07-24 0 0 3000 0 
2019-07-25 0 0 3000 0 
2019-07-26 0 0 3000 0 
2019-07-29 2783 2783 217 6230 
2019-07-30 0 -2783 6447 0 
2019-07-31 1500 1500 4947 0 
2019-08-01 0 -1500 4947 0 
2019-08-02 1500 1500 3447 0 
2019-08-05 0 -1500 3447 0 
2019-08-06 0 0 3447 0 
2019-08-07 0 0 3447 0 
2019-08-08 3000 3000 447 5004 
2019-08-09 0 -3000 5451 0 
2019-08-12 0 0 5451 0 
2019-08-13 0 0 5451 0 
2019-08-14 0 0 5451 0 
2019-08-15 2709 2709 2742 0 
2019-08-16 0 -2709 2742 0 
2019-08-19 0 0 2742 0 
2019-08-20 3291 3291 2742 0 
2019-08-21 0 -3291 2742 0 
2019-08-22 0 0 2742 0 
2019-08-23 0 0 2742 0 
2019-08-26 0 0 2742 0 
2019-08-27 0 0 2742 0 
2019-08-28 3216 3216 2742 0 
2019-08-29 0 -3216 2742 0 
2019-08-30 0 0 2742 0 
2019-09-02 0 0 2742 0 
2019-09-03 3000 3000 2742 0 
2019-09-04 0 -3000 2742 0 
2019-09-05 1500 1500 1242 4731 
2019-09-06 0 -1500 5973 0 
2019-09-09 0 0 5973 0 
2019-09-10 0 0 5973 0 
2019-09-11 2825 2825 3148 0 
2019-09-12 0 -2825 3148 0 
2019-09-13 0 0 3148 0 
2019-09-16 0 0 3148 0 
2019-09-17 0 0 3148 0 
2019-09-18 0 0 3148 0 
2019-09-19 2342 2342 806 5194 
2019-09-20 0 -2342 6000 0 
2019-09-23 0 0 6000 0 
2019-09-24 0 0 6000 0 
2019-09-25 3000 3000 3000 0 
2019-09-26 0 -3000 3000 0 
2019-09-27 1500 1500 1500 4430 
2019-09-30 0 -1500 5930 0 
2019-10-01 0 0 5930 0 
2019-10-02 0 0 5930 0 
2019-10-03 0 0 5930 0 
2019-10-04 0 0 5930 0 
2019-10-07 0 0 5930 0 
2019-10-08 3333 3333 2597 0 
2019-10-09 0 -3333 2597 0 
2019-10-10 0 0 2597 0 
2019-10-11 0 0 2597 0 
2019-10-14 3000 3000 2597 0 
2019-10-15 0 -3000 2597 0 
2019-10-16 0 0 2597 0 
2019-10-17 0 0 2597 0 
2019-10-18 0 0 2597 0 
2019-10-21 0 0 2597 0 
2019-10-22 0 0 2597 0 
2019-10-23 0 0 2597 0 
2019-10-24 0 0 2597 0 
2019-10-25 0 0 2597 0 
2019-10-28 1834 1834 763 5246 
2019-10-29 0 -1834 6009 0 
2019-10-30 0 0 6009 0 
2019-10-31 0 0 6009 0 
2019-11-01 0 0 6009 0 
2019-11-04 0 0 6009 0 
2019-11-05 2479 2479 3530 0 
2019-11-06 0 -2479 3530 0 
2019-11-07 0 0 3530 0 
2019-11-08 0 0 3530 0 
2019-11-11 0 0 3530 0 
2019-11-12 4125 4125 3530 0 
2019-11-13 0 -4125 3530 0 
2019-11-14 1646 1646 1884 4185 
2019-11-15 0 -1646 6069 0 
2019-11-18 0 0 6069 0 
2019-11-19 2250 2250 3819 0 
2019-11-20 0 -2250 3819 0 
2019-11-21 0 0 3819 0 
2019-11-22 0 0 3819 0 
2019-11-25 0 0 3819 0 
2019-11-26 0 0 3819 0 
2019-11-27 0 0 3819 0 
2019-11-28 0 0 3819 0 
2019-11-29 2162 2162 1657 4356 
2019-12-02 2388 226 3625 0 
2019-12-03 0 -2388 3625 0 
2019-12-04 2404 2404 1221 4774 
2019-12-05 0 -2404 5995 0 
2019-12-06 2137 2137 3858 0 
2019-12-09 0 -2137 3858 0 
2019-12-10 2057 2057 1801 4138 
2019-12-11 0 -2057 5939 0 
2019-12-12 1602 1602 4337 0 
2019-12-13 0 -1602 4337 0 
2019-12-16 0 0 4337 0 
2019-12-17 0 0 4337 0 
2019-12-18 2467 2467 1870 4013 
2019-12-19 0 -2467 5883 0 
2019-12-20 2018 2018 3865 0 
2019-12-23 0 -2018 3865 0 
2019-12-24 0 0 3865 0 
2019-12-25 0 0 3865 0 
2019-12-26 2229 2229 1636 4209 
2019-12-27 0 -2229 5845 0 
2019-12-30 0 0 5845 0 
2019-12-31 0 0 5845 0 
2020-01-01 0 0 5845 0 
2020-01-02 0 0 5845 0 
2020-01-03 0 0 5845 0 
2020-01-06 0 0 5845 0 
2020-01-07 0 0 5845 0 
2020-01-08 2346 2346 3499 0 
2020-01-09 0 -2346 3499 0 
2020-01-10 2396 2396 1103 4736 
2020-01-13 0 -2396 5839 0 
2020-01-14 0 0 5839 0 
2020-01-15 2090 2090 3749 0 
2020-01-16 2394 304 1355 4465 
2020-01-17 0 -2394 5820 0 
2020-01-20 0 0 5820 0 
2020-01-21 0 0 5820 0 
2020-01-22 0 0 5820 0 
2020-01-23 0 0 5820 0 
2020-01-24 0 0 5820 0 
2020-01-27 0 0 5820 0 
2020-01-28 1978 1978 3842 0 
2020-01-29 0 -1978 3842 0 
2020-01-30 1772 1772 2070 3698 
2020-01-31 0 -1772 5768 0 
2020-02-03 0 0 5768 0 
2020-02-04 0 0 5768 0 
2020-02-05 0 0 5768 0 
2020-02-06 0 0 5768 0 
2020-02-07 2090 2090 3678 0 
2020-02-10 2271 181 1407 4343 
2020-02-11 0 -2271 5750 0 
2020-02-12 0 0 5750 0 
2020-02-13 0 0 5750 0 
2020-02-14 0 0 5750 0 
2020-02-17 0 0 5750 0 
2020-02-18 0 0 5750 0 
2020-02-19 0 0 5750 0 
2020-02-20 3941 3941 1809 4011 
2020-02-21 2675 -1266 3145 0 
2020-02-24 0 -2675 3145 0 
2020-02-25 1500 1500 1645 4147 
2020-02-26 0 -1500 5792 0 
2020-02-27 1500 1500 4292 0 
2020-02-28 0 -1500 4292 0 
2020-03-02 0 0 4292 0 
2020-03-03 0 0 4292 0 
2020-03-04 2272 2272 2020 3731 
2020-03-05 0 -2272 5751 0 
2020-03-06 0 0 5751 0 
2020-03-09 0 0 5751 0 
2020-03-10 0 0 5751 0 
2020-03-11 0 0 5751 0 
2020-03-12 2110 2110 3641 0 
2020-03-13 0 -2110 3641 0 
2020-03-16 2825 2825 816 4943 
2020-03-17 0 -2825 5759 0 
2020-03-18 0 0 5759 0 
2020-03-19 2816 2816 2943 0 
2020-03-20 0 -2816 2943 0 
2020-03-23 0 0 2943 0 
2020-03-24 0 0 2943 0 
2020-03-25 2522 2522 421 5360 
2020-03-26 0 -2522 5781 0 
2020-03-27 0 0 5781 0 
2020-03-30 0 0 5781 0 
2020-03-31 0 0 5781 0 
2020-04-01 0 0 5781 0 
2020-04-02 0 0 5781 0 
2020-04-03 0 0 5781 0 
2020-04-06 0 0 5781 0 
2020-04-07 0 0 5781 0 
2020-04-08 0 0 5781 0 
2020-04-09 0 0 5781 0 
2020-04-10 0 0 5781 0 
2020-04-13 0 0 5781 0 
2020-04-14 0 0 5781 0 
2020-04-15 2572 2572 3209 0 
2020-04-16 1928 -644 1281 4491 
2020-04-17 0 -1928 5772 0 
2020-04-20 0 0 5772 0 
2020-04-21 2250 2250 3522 0 
2020-04-22 0 -2250 3522 0 
2020-04-23 1500 1500 2022 3714 
2020-04-24 0 -1500 5736 0 
2020-04-27 0 0 5736 0 
2020-04-28 2250 2250 3486 0 
2020-04-29 0 -2250 3486 0 
2020-04-30 0 0 3486 0 
2020-05-01 2045 2045 1441 4281 
2020-05-04 0 -2045 5722 0 
2020-05-05 0 0 5722 0 
2020-05-06 2250 2250 3472 0 
2020-05-07 0 -2250 3472 0 
2020-05-08 0 0 3472 0 
2020-05-11 2250 2250 1222 4493 
