date demand demandChange inventoryPosition orderQuantity
2019-07-02 0 0 3000 0 
2019-07-03 0 0 3000 0 
2019-07-04 0 0 3000 0 
2019-07-05 0 0 3000 0 
2019-07-08 0 0 3000 0 
2019-07-09 0 0 3000 0 
2019-07-10 0 0 3000 0 
2019-07-11 0 0 3000 0 
2019-07-12 0 0 3000 0 
2019-07-15 0 0 3000 0 
2019-07-16 0 0 3000 0 
2019-07-17 0 0 3000 0 
2019-07-18 0 0 3000 0 
2019-07-19 2250 2250 750 5805 
2019-07-22 0 -2250 6555 0 
2019-07-23 0 0 6555 0 
2019-07-24 0 0 6555 0 
2019-07-25 0 0 6555 0 
2019-07-26 0 0 6555 0 
2019-07-29 4500 4500 2055 6593 
2019-07-30 0 -4500 8648 0 
2019-07-31 0 0 8648 0 
2019-08-01 0 0 8648 0 
2019-08-02 3000 3000 5648 0 
2019-08-05 0 -3000 5648 0 
2019-08-06 0 0 5648 0 
2019-08-07 0 0 5648 0 
2019-08-08 0 0 5648 0 
2019-08-09 0 0 5648 0 
2019-08-12 0 0 5648 0 
2019-08-13 5250 5250 398 8910 
2019-08-14 0 -5250 9308 0 
2019-08-15 0 0 9308 0 
2019-08-16 0 0 9308 0 
2019-08-19 0 0 9308 0 
2019-08-20 0 0 9308 0 
2019-08-21 0 0 9308 0 
2019-08-22 0 0 9308 0 
2019-08-23 0 0 9308 0 
2019-08-26 5250 5250 4058 0 
2019-08-27 0 -5250 4058 0 
2019-08-28 0 0 4058 0 
2019-08-29 0 0 4058 0 
2019-08-30 0 0 4058 0 
2019-09-02 0 0 4058 0 
2019-09-03 0 0 4058 0 
2019-09-04 0 0 4058 0 
2019-09-05 0 0 4058 0 
2019-09-06 5583 5583 4058 6203 
2019-09-09 0 -5583 10261 0 
2019-09-10 0 0 10261 0 
2019-09-11 0 0 10261 0 
2019-09-12 0 0 10261 0 
2019-09-13 0 0 10261 0 
2019-09-16 0 0 10261 0 
2019-09-17 0 0 10261 0 
2019-09-18 0 0 10261 0 
2019-09-19 4083 4083 6178 0 
2019-09-20 0 -4083 6178 0 
2019-09-23 0 0 6178 0 
2019-09-24 0 0 6178 0 
2019-09-25 0 0 6178 0 
2019-09-26 0 0 6178 0 
2019-09-27 4500 4500 1678 8577 
2019-09-30 0 -4500 10255 0 
2019-10-01 0 0 10255 0 
2019-10-02 0 0 10255 0 
2019-10-03 0 0 10255 0 
2019-10-04 0 0 10255 0 
2019-10-07 0 0 10255 0 
2019-10-08 0 0 10255 0 
2019-10-09 0 0 10255 0 
2019-10-10 0 0 10255 0 
2019-10-11 0 0 10255 0 
2019-10-14 6667 6667 3588 7109 
2019-10-15 0 -6667 10697 0 
2019-10-16 0 0 10697 0 
2019-10-17 0 0 10697 0 
2019-10-18 0 0 10697 0 
2019-10-21 0 0 10697 0 
2019-10-22 0 0 10697 0 
2019-10-23 0 0 10697 0 
2019-10-24 0 0 10697 0 
2019-10-25 0 0 10697 0 
2019-10-28 0 0 10697 0 
2019-10-29 0 0 10697 0 
2019-10-30 0 0 10697 0 
2019-10-31 3000 3000 7697 0 
2019-11-01 0 -3000 7697 0 
2019-11-04 0 0 7697 0 
2019-11-05 0 0 7697 0 
2019-11-06 0 0 7697 0 
2019-11-07 3750 3750 3947 6387 
2019-11-08 0 -3750 10334 0 
2019-11-11 0 0 10334 0 
2019-11-12 0 0 10334 0 
2019-11-13 0 0 10334 0 
2019-11-14 0 0 10334 0 
2019-11-15 0 0 10334 0 
2019-11-18 5250 5250 5084 0 
2019-11-19 0 -5250 5084 0 
2019-11-20 0 0 5084 0 
2019-11-21 0 0 5084 0 
2019-11-22 0 0 5084 0 
2019-11-25 0 0 5084 0 
2019-11-26 0 0 5084 0 
2019-11-27 0 0 5084 0 
2019-11-28 0 0 5084 0 
2019-11-29 0 0 5084 0 
2019-12-02 4962 4962 122 10407 
2019-12-03 0 -4962 10529 0 
2019-12-04 0 0 10529 0 
2019-12-05 0 0 10529 0 
2019-12-06 0 0 10529 0 
2019-12-09 0 0 10529 0 
2019-12-10 0 0 10529 0 
2019-12-11 0 0 10529 0 
2019-12-12 6000 6000 4529 6184 
2019-12-13 0 -6000 10713 0 
2019-12-16 0 0 10713 0 
2019-12-17 0 0 10713 0 
2019-12-18 0 0 10713 0 
2019-12-19 0 0 10713 0 
2019-12-20 4500 4500 6213 0 
2019-12-23 0 -4500 6213 0 
2019-12-24 0 0 6213 0 
2019-12-25 0 0 6213 0 
2019-12-26 3000 3000 3213 7328 
2019-12-27 0 -3000 10541 0 
2019-12-30 0 0 10541 0 
2019-12-31 0 0 10541 0 
2020-01-01 0 0 10541 0 
2020-01-02 0 0 10541 0 
2020-01-03 0 0 10541 0 
2020-01-06 4500 4500 6041 0 
2020-01-07 0 -4500 6041 0 
2020-01-08 0 0 6041 0 
2020-01-09 0 0 6041 0 
2020-01-10 3000 3000 3041 7365 
2020-01-13 0 -3000 10406 0 
2020-01-14 0 0 10406 0 
2020-01-15 0 0 10406 0 
2020-01-16 3250 3250 7156 0 
2020-01-17 0 -3250 7156 0 
2020-01-20 0 0 7156 0 
2020-01-21 0 0 7156 0 
2020-01-22 0 0 7156 0 
2020-01-23 0 0 7156 0 
2020-01-24 0 0 7156 0 
2020-01-27 0 0 7156 0 
2020-01-28 6703 6703 453 10051 
2020-01-29 0 -6703 10504 0 
2020-01-30 0 0 10504 0 
2020-01-31 0 0 10504 0 
2020-02-03 0 0 10504 0 
2020-02-04 5241 5241 5263 0 
2020-02-05 0 -5241 5263 0 
2020-02-06 0 0 5263 0 
2020-02-07 0 0 5263 0 
2020-02-10 3954 3954 1309 9218 
2020-02-11 0 -3954 10527 0 
2020-02-12 0 0 10527 0 
2020-02-13 0 0 10527 0 
2020-02-14 0 0 10527 0 
2020-02-17 0 0 10527 0 
2020-02-18 0 0 10527 0 
2020-02-19 0 0 10527 0 
2020-02-20 3823 3823 6704 0 
2020-02-21 0 -3823 6704 0 
2020-02-24 0 0 6704 0 
2020-02-25 3510 3510 3194 7221 
2020-02-26 0 -3510 10415 0 
2020-02-27 0 0 10415 0 
2020-02-28 0 0 10415 0 
2020-03-02 0 0 10415 0 
2020-03-03 0 0 10415 0 
2020-03-04 0 0 10415 0 
2020-03-05 0 0 10415 0 
2020-03-06 0 0 10415 0 
2020-03-09 0 0 10415 0 
2020-03-10 5000 5000 5415 0 
2020-03-11 0 -5000 5415 0 
2020-03-12 0 0 5415 0 
2020-03-13 0 0 5415 0 
2020-03-16 0 0 5415 0 
2020-03-17 0 0 5415 0 
2020-03-18 0 0 5415 0 
2020-03-19 3667 3667 1748 8660 
2020-03-20 0 -3667 10408 0 
2020-03-23 0 0 10408 0 
2020-03-24 0 0 10408 0 
2020-03-25 0 0 10408 0 
2020-03-26 0 0 10408 0 
2020-03-27 6000 6000 4408 6099 
2020-03-30 0 -6000 10507 0 
2020-03-31 0 0 10507 0 
2020-04-01 0 0 10507 0 
2020-04-02 0 0 10507 0 
2020-04-03 0 0 10507 0 
2020-04-06 6000 6000 4507 6093 
2020-04-07 0 -6000 10600 0 
2020-04-08 0 0 10600 0 
2020-04-09 0 0 10600 0 
2020-04-10 0 0 10600 0 
2020-04-13 0 0 10600 0 
2020-04-14 0 0 10600 0 
2020-04-15 0 0 10600 0 
2020-04-16 5333 5333 5267 0 
2020-04-17 0 -5333 5267 0 
2020-04-20 0 0 5267 0 
2020-04-21 0 0 5267 0 
2020-04-22 0 0 5267 0 
2020-04-23 5000 5000 267 10406 
2020-04-24 0 -5000 10673 0 
2020-04-27 0 0 10673 0 
2020-04-28 3000 3000 7673 0 
2020-04-29 0 -3000 7673 0 
2020-04-30 0 0 7673 0 
2020-05-01 0 0 7673 0 
2020-05-04 0 0 7673 0 
2020-05-05 4334 4334 3339 7242 
2020-05-06 0 -4334 10581 0 
2020-05-07 0 0 10581 0 
2020-05-08 0 0 10581 0 
2020-05-11 0 0 10581 0 
