date demand demandChange inventoryPosition orderQuantity
2019-07-02 0 0 0 0 
2019-07-03 0 0 0 0 
2019-07-04 0 0 0 0 
2019-07-05 0 0 0 0 
2019-07-08 0 0 0 0 
2019-07-09 0 0 0 0 
2019-07-10 0 0 0 0 
2019-07-11 0 0 0 0 
2019-07-12 0 0 0 0 
2019-07-15 0 0 0 0 
2019-07-16 0 0 0 0 
2019-07-17 0 0 0 0 
2019-07-18 0 0 0 0 
2019-07-19 0 0 0 0 
2019-07-22 0 0 0 0 
2019-07-23 0 0 0 0 
2019-07-24 0 0 0 0 
2019-07-25 3000 3000 0 6355 
2019-07-26 0 -3000 6355 0 
2019-07-29 0 0 6355 0 
2019-07-30 0 0 6355 0 
2019-07-31 0 0 6355 0 
2019-08-01 0 0 6355 0 
2019-08-02 4500 4500 1855 5645 
2019-08-05 0 -4500 7500 0 
2019-08-06 0 0 7500 0 
2019-08-07 2250 2250 5250 0 
2019-08-08 0 -2250 5250 0 
2019-08-09 0 0 5250 0 
2019-08-12 0 0 5250 0 
2019-08-13 3000 3000 2250 4396 
2019-08-14 0 -3000 6646 0 
2019-08-15 0 0 6646 0 
2019-08-16 0 0 6646 0 
2019-08-19 0 0 6646 0 
2019-08-20 0 0 6646 0 
2019-08-21 0 0 6646 0 
2019-08-22 0 0 6646 0 
2019-08-23 0 0 6646 0 
2019-08-26 3000 3000 3646 0 
2019-08-27 0 -3000 3646 0 
2019-08-28 0 0 3646 0 
2019-08-29 0 0 3646 0 
2019-08-30 0 0 3646 0 
2019-09-02 3750 3750 3646 0 
2019-09-03 0 -3750 3646 0 
2019-09-04 0 0 3646 0 
2019-09-05 0 0 3646 0 
2019-09-06 0 0 3646 0 
2019-09-09 0 0 3646 0 
2019-09-10 4500 4500 3646 0 
2019-09-11 0 -4500 3646 0 
2019-09-12 0 0 3646 0 
2019-09-13 0 0 3646 0 
2019-09-16 3000 3000 646 6287 
2019-09-17 0 -3000 6933 0 
2019-09-18 0 0 6933 0 
2019-09-19 0 0 6933 0 
2019-09-20 0 0 6933 0 
2019-09-23 0 0 6933 0 
2019-09-24 4500 4500 2433 4690 
2019-09-25 0 -4500 7123 0 
2019-09-26 0 0 7123 0 
2019-09-27 0 0 7123 0 
2019-09-30 0 0 7123 0 
2019-10-01 0 0 7123 0 
2019-10-02 0 0 7123 0 
2019-10-03 0 0 7123 0 
2019-10-04 0 0 7123 0 
2019-10-07 3999 3999 3124 4075 
2019-10-08 0 -3999 7199 0 
2019-10-09 0 0 7199 0 
2019-10-10 0 0 7199 0 
2019-10-11 0 0 7199 0 
2019-10-14 0 0 7199 0 
2019-10-15 4500 4500 2699 4631 
2019-10-16 0 -4500 7330 0 
2019-10-17 0 0 7330 0 
2019-10-18 0 0 7330 0 
2019-10-21 0 0 7330 0 
2019-10-22 0 0 7330 0 
2019-10-23 0 0 7330 0 
2019-10-24 0 0 7330 0 
2019-10-25 0 0 7330 0 
2019-10-28 0 0 7330 0 
2019-10-29 0 0 7330 0 
2019-10-30 0 0 7330 0 
2019-10-31 0 0 7330 0 
2019-11-01 3334 3334 3996 0 
2019-11-04 0 -3334 3996 0 
2019-11-05 0 0 3996 0 
2019-11-06 0 0 3996 0 
2019-11-07 0 0 3996 0 
2019-11-08 3750 3750 246 7062 
2019-11-11 0 -3750 7308 0 
2019-11-12 0 0 7308 0 
2019-11-13 0 0 7308 0 
2019-11-14 3000 3000 4308 0 
2019-11-15 0 -3000 4308 0 
2019-11-18 0 0 4308 0 
2019-11-19 0 0 4308 0 
2019-11-20 3000 3000 1308 5874 
2019-11-21 0 -3000 7182 0 
2019-11-22 0 0 7182 0 
2019-11-25 0 0 7182 0 
2019-11-26 0 0 7182 0 
2019-11-27 0 0 7182 0 
2019-11-28 4500 4500 2682 4591 
2019-11-29 0 -4500 7273 0 
2019-12-02 0 0 7273 0 
2019-12-03 0 0 7273 0 
2019-12-04 3000 3000 4273 0 
2019-12-05 0 -3000 4273 0 
2019-12-06 0 0 4273 0 
2019-12-09 0 0 4273 0 
2019-12-10 0 0 4273 0 
2019-12-11 0 0 4273 0 
2019-12-12 3781 3781 492 6746 
2019-12-13 0 -3781 7238 0 
2019-12-16 0 0 7238 0 
2019-12-17 2969 2969 4269 0 
2019-12-18 0 -2969 4269 0 
2019-12-19 0 0 4269 0 
2019-12-20 0 0 4269 0 
2019-12-23 0 0 4269 0 
2019-12-24 3416 3416 853 6328 
2019-12-25 0 -3416 7181 0 
2019-12-26 0 0 7181 0 
2019-12-27 0 0 7181 0 
2019-12-30 0 0 7181 0 
2019-12-31 0 0 7181 0 
2020-01-01 0 0 7181 0 
2020-01-02 4500 4500 2681 4569 
2020-01-03 0 -4500 7250 0 
2020-01-06 0 0 7250 0 
2020-01-07 0 0 7250 0 
2020-01-08 2428 2428 4822 0 
2020-01-09 0 -2428 4822 0 
2020-01-10 0 0 4822 0 
2020-01-13 0 0 4822 0 
2020-01-14 0 0 4822 0 
2020-01-15 0 0 4822 0 
2020-01-16 0 0 4822 0 
2020-01-17 0 0 4822 0 
2020-01-20 0 0 4822 0 
2020-01-21 0 0 4822 0 
2020-01-22 3000 3000 1822 5313 
2020-01-23 0 -3000 7135 0 
2020-01-24 0 0 7135 0 
2020-01-27 0 0 7135 0 
2020-01-28 0 0 7135 0 
2020-01-29 4000 4000 3135 4032 
2020-01-30 0 -4000 7167 0 
2020-01-31 0 0 7167 0 
2020-02-03 0 0 7167 0 
2020-02-04 0 0 7167 0 
2020-02-05 0 0 7167 0 
2020-02-06 0 0 7167 0 
2020-02-07 0 0 7167 0 
2020-02-10 0 0 7167 0 
2020-02-11 0 0 7167 0 
2020-02-12 2974 2974 4193 0 
2020-02-13 0 -2974 4193 0 
2020-02-14 0 0 4193 0 
2020-02-17 3955 3955 238 6921 
2020-02-18 0 -3955 7159 0 
2020-02-19 2071 2071 5088 0 
2020-02-20 0 -2071 5088 0 
2020-02-21 0 0 5088 0 
2020-02-24 0 0 5088 0 
2020-02-25 0 0 5088 0 
2020-02-26 3760 3760 1328 5765 
2020-02-27 0 -3760 7093 0 
2020-02-28 0 0 7093 0 
2020-03-02 0 0 7093 0 
2020-03-03 0 0 7093 0 
2020-03-04 0 0 7093 0 
2020-03-05 0 0 7093 0 
2020-03-06 0 0 7093 0 
2020-03-09 0 0 7093 0 
2020-03-10 0 0 7093 0 
2020-03-11 0 0 7093 0 
2020-03-12 0 0 7093 0 
2020-03-13 0 0 7093 0 
2020-03-16 0 0 7093 0 
2020-03-17 0 0 7093 0 
2020-03-18 0 0 7093 0 
2020-03-19 0 0 7093 0 
2020-03-20 4907 4907 2186 4982 
2020-03-23 0 -4907 7168 0 
2020-03-24 0 0 7168 0 
2020-03-25 0 0 7168 0 
2020-03-26 4000 4000 3168 4023 
2020-03-27 0 -4000 7191 0 
2020-03-30 0 0 7191 0 
2020-03-31 0 0 7191 0 
2020-04-01 0 0 7191 0 
2020-04-02 0 0 7191 0 
2020-04-03 3667 3667 3524 3673 
2020-04-06 0 -3667 7197 0 
2020-04-07 0 0 7197 0 
2020-04-08 3000 3000 4197 0 
2020-04-09 0 -3000 4197 0 
2020-04-10 0 0 4197 0 
2020-04-13 0 0 4197 0 
2020-04-14 0 0 4197 0 
2020-04-15 0 0 4197 0 
2020-04-16 0 0 4197 0 
2020-04-17 0 0 4197 0 
2020-04-20 0 0 4197 0 
2020-04-21 0 0 4197 0 
2020-04-22 0 0 4197 0 
2020-04-23 0 0 4197 0 
2020-04-24 0 0 4197 0 
2020-04-27 0 0 4197 0 
2020-04-28 0 0 4197 0 
2020-04-29 0 0 4197 0 
2020-04-30 0 0 4197 0 
2020-05-01 0 0 4197 0 
2020-05-04 0 0 4197 0 
2020-05-05 4666 4666 4197 0 
2020-05-06 0 -4666 4197 0 
2020-05-07 0 0 4197 0 
2020-05-08 3000 3000 1197 6002 
2020-05-11 0 -3000 7199 0 
