date demand demandChange inventoryPosition orderQuantity
2019-07-02 0 0 3000 0 
2019-07-03 0 0 3000 0 
2019-07-04 0 0 3000 0 
2019-07-05 0 0 3000 0 
2019-07-08 0 0 3000 0 
2019-07-09 0 0 3000 0 
2019-07-10 0 0 3000 0 
2019-07-11 0 0 3000 0 
2019-07-12 0 0 3000 0 
2019-07-15 0 0 3000 0 
2019-07-16 0 0 3000 0 
2019-07-17 0 0 3000 0 
2019-07-18 0 0 3000 0 
2019-07-19 0 0 3000 0 
2019-07-22 0 0 3000 0 
2019-07-23 0 0 3000 0 
2019-07-24 0 0 3000 0 
2019-07-25 0 0 3000 0 
2019-07-26 0 0 3000 0 
2019-07-29 0 0 3000 0 
2019-07-30 0 0 3000 0 
2019-07-31 0 0 3000 0 
2019-08-01 0 0 3000 0 
2019-08-02 0 0 3000 0 
2019-08-05 0 0 3000 0 
2019-08-06 0 0 3000 0 
2019-08-07 0 0 3000 0 
2019-08-08 3750 3750 3000 5242 
2019-08-09 0 -3750 8242 0 
2019-08-12 0 0 8242 0 
2019-08-13 2250 2250 5992 0 
2019-08-14 0 -2250 5992 0 
2019-08-15 0 0 5992 0 
2019-08-16 0 0 5992 0 
2019-08-19 0 0 5992 0 
2019-08-20 0 0 5992 0 
2019-08-21 0 0 5992 0 
2019-08-22 3247 3247 2745 4410 
2019-08-23 0 -3247 7155 0 
2019-08-26 2592 2592 4563 0 
2019-08-27 0 -2592 4563 0 
2019-08-28 0 0 4563 0 
2019-08-29 3136 3136 1427 5582 
2019-08-30 0 -3136 7009 0 
2019-09-02 0 0 7009 0 
2019-09-03 0 0 7009 0 
2019-09-04 0 0 7009 0 
2019-09-05 0 0 7009 0 
2019-09-06 0 0 7009 0 
2019-09-09 0 0 7009 0 
2019-09-10 0 0 7009 0 
2019-09-11 0 0 7009 0 
2019-09-12 0 0 7009 0 
2019-09-13 0 0 7009 0 
2019-09-16 3428 3428 3581 0 
2019-09-17 0 -3428 3581 0 
2019-09-18 0 0 3581 0 
2019-09-19 0 0 3581 0 
2019-09-20 0 0 3581 0 
2019-09-23 2855 2855 726 6353 
2019-09-24 0 -2855 7079 0 
2019-09-25 0 0 7079 0 
2019-09-26 0 0 7079 0 
2019-09-27 3571 3571 3508 0 
2019-09-30 0 -3571 3508 0 
2019-10-01 0 0 3508 0 
2019-10-02 2504 2504 1004 6075 
2019-10-03 0 -2504 7079 0 
2019-10-04 0 0 7079 0 
2019-10-07 0 0 7079 0 
2019-10-08 0 0 7079 0 
2019-10-09 0 0 7079 0 
2019-10-10 2531 2531 4548 0 
2019-10-11 0 -2531 4548 0 
2019-10-14 0 0 4548 0 
2019-10-15 0 0 4548 0 
2019-10-16 3000 3000 1548 5449 
2019-10-17 0 -3000 6997 0 
2019-10-18 0 0 6997 0 
2019-10-21 0 0 6997 0 
2019-10-22 0 0 6997 0 
2019-10-23 0 0 6997 0 
2019-10-24 0 0 6997 0 
2019-10-25 0 0 6997 0 
2019-10-28 0 0 6997 0 
2019-10-29 0 0 6997 0 
2019-10-30 0 0 6997 0 
2019-10-31 0 0 6997 0 
2019-11-01 0 0 6997 0 
2019-11-04 0 0 6997 0 
2019-11-05 1885 1885 5112 0 
2019-11-06 0 -1885 5112 0 
2019-11-07 0 0 5112 0 
2019-11-08 0 0 5112 0 
2019-11-11 0 0 5112 0 
2019-11-12 3294 3294 1818 5077 
2019-11-13 0 -3294 6895 0 
2019-11-14 0 0 6895 0 
2019-11-15 0 0 6895 0 
2019-11-18 0 0 6895 0 
2019-11-19 0 0 6895 0 
2019-11-20 2810 2810 4085 0 
2019-11-21 0 -2810 4085 0 
2019-11-22 3646 3646 439 6523 
2019-11-25 0 -3646 6962 0 
2019-11-26 0 0 6962 0 
2019-11-27 0 0 6962 0 
2019-11-28 3000 3000 3962 0 
2019-11-29 0 -3000 3962 0 
2019-12-02 0 0 3962 0 
2019-12-03 0 0 3962 0 
2019-12-04 0 0 3962 0 
2019-12-05 0 0 3962 0 
2019-12-06 0 0 3962 0 
2019-12-09 0 0 3962 0 
2019-12-10 0 0 3962 0 
2019-12-11 0 0 3962 0 
2019-12-12 1985 1985 1977 4892 
2019-12-13 0 -1985 6869 0 
2019-12-16 0 0 6869 0 
2019-12-17 0 0 6869 0 
2019-12-18 0 0 6869 0 
2019-12-19 2729 2729 4140 0 
2019-12-20 1771 -958 2369 4383 
2019-12-23 0 -1771 6752 0 
2019-12-24 0 0 6752 0 
2019-12-25 0 0 6752 0 
2019-12-26 0 0 6752 0 
2019-12-27 0 0 6752 0 
2019-12-30 2780 2780 3972 0 
2019-12-31 0 -2780 3972 0 
2020-01-01 0 0 3972 0 
2020-01-02 1992 1992 1980 4698 
2020-01-03 0 -1992 6678 0 
2020-01-06 0 0 6678 0 
2020-01-07 0 0 6678 0 
2020-01-08 2458 2458 4220 0 
2020-01-09 0 -2458 4220 0 
2020-01-10 0 0 4220 0 
2020-01-13 0 0 4220 0 
2020-01-14 0 0 4220 0 
2020-01-15 0 0 4220 0 
2020-01-16 0 0 4220 0 
2020-01-17 2159 2159 2061 4545 
2020-01-20 0 -2159 6606 0 
2020-01-21 2141 2141 4465 0 
2020-01-22 0 -2141 4465 0 
2020-01-23 0 0 4465 0 
2020-01-24 0 0 4465 0 
2020-01-27 0 0 4465 0 
2020-01-28 0 0 4465 0 
2020-01-29 2026 2026 2439 4076 
2020-01-30 0 -2026 6515 0 
2020-01-31 0 0 6515 0 
2020-02-03 0 0 6515 0 
2020-02-04 0 0 6515 0 
2020-02-05 0 0 6515 0 
2020-02-06 2358 2358 4157 0 
2020-02-07 0 -2358 4157 0 
2020-02-10 0 0 4157 0 
2020-02-11 0 0 4157 0 
2020-02-12 0 0 4157 0 
2020-02-13 2108 2108 2049 4406 
2020-02-14 0 -2108 6455 0 
2020-02-17 0 0 6455 0 
2020-02-18 0 0 6455 0 
2020-02-19 0 0 6455 0 
2020-02-20 0 0 6455 0 
2020-02-21 0 0 6455 0 
2020-02-24 0 0 6455 0 
2020-02-25 0 0 6455 0 
2020-02-26 0 0 6455 0 
2020-02-27 5079 5079 1376 5227 
2020-02-28 0 -5079 6603 0 
2020-03-02 0 0 6603 0 
2020-03-03 0 0 6603 0 
2020-03-04 0 0 6603 0 
2020-03-05 0 0 6603 0 
2020-03-06 3834 3834 2769 3897 
2020-03-09 0 -3834 6666 0 
2020-03-10 0 0 6666 0 
2020-03-11 0 0 6666 0 
2020-03-12 0 0 6666 0 
2020-03-13 0 0 6666 0 
2020-03-16 0 0 6666 0 
2020-03-17 2675 2675 3991 0 
2020-03-18 0 -2675 3991 0 
2020-03-19 0 0 3991 0 
2020-03-20 0 0 3991 0 
2020-03-23 0 0 3991 0 
2020-03-24 3136 3136 855 5823 
2020-03-25 0 -3136 6678 0 
2020-03-26 0 0 6678 0 
2020-03-27 0 0 6678 0 
2020-03-30 2814 2814 3864 0 
2020-03-31 0 -2814 3864 0 
2020-04-01 0 0 3864 0 
2020-04-02 0 0 3864 0 
2020-04-03 1670 1670 2194 4428 
2020-04-06 0 -1670 6622 0 
2020-04-07 0 0 6622 0 
2020-04-08 0 0 6622 0 
2020-04-09 3000 3000 3622 0 
2020-04-10 0 -3000 3622 0 
2020-04-13 0 0 3622 0 
2020-04-14 0 0 3622 0 
2020-04-15 0 0 3622 0 
2020-04-16 0 0 3622 0 
2020-04-17 0 0 3622 0 
2020-04-20 3214 3214 408 6246 
2020-04-21 0 -3214 6654 0 
2020-04-22 0 0 6654 0 
2020-04-23 0 0 6654 0 
2020-04-24 2237 2237 4417 0 
2020-04-27 0 -2237 4417 0 
2020-04-28 0 0 4417 0 
2020-04-29 0 0 4417 0 
2020-04-30 2612 2612 1805 4817 
2020-05-01 0 -2612 6622 0 
2020-05-04 0 0 6622 0 
2020-05-05 0 0 6622 0 
2020-05-06 0 0 6622 0 
2020-05-07 2838 2838 3784 0 
2020-05-08 0 -2838 3784 0 
2020-05-11 0 0 3784 0 
