date demand demandChange inventoryPosition orderQuantity
2019-07-02 0 0 0 0 
2019-07-03 0 0 0 0 
2019-07-04 0 0 0 0 
2019-07-05 0 0 0 0 
2019-07-08 0 0 0 0 
2019-07-09 0 0 0 0 
2019-07-10 0 0 0 0 
2019-07-11 0 0 0 0 
2019-07-12 0 0 0 0 
2019-07-15 0 0 0 0 
2019-07-16 0 0 0 0 
2019-07-17 0 0 0 0 
2019-07-18 0 0 0 0 
2019-07-19 0 0 0 0 
2019-07-22 0 0 0 0 
2019-07-23 0 0 0 0 
2019-07-24 0 0 0 0 
2019-07-25 0 0 0 0 
2019-07-26 0 0 0 0 
2019-07-29 4500 4500 0 8608 
2019-07-30 0 -4500 8608 0 
2019-07-31 0 0 8608 0 
2019-08-01 0 0 8608 0 
2019-08-02 3000 3000 5608 0 
2019-08-05 0 -3000 5608 0 
2019-08-06 0 0 5608 0 
2019-08-07 0 0 5608 0 
2019-08-08 3000 3000 2608 4515 
2019-08-09 0 -3000 7123 0 
2019-08-12 0 0 7123 0 
2019-08-13 0 0 7123 0 
2019-08-14 0 0 7123 0 
2019-08-15 3750 3750 3373 3846 
2019-08-16 0 -3750 7219 0 
2019-08-19 0 0 7219 0 
2019-08-20 0 0 7219 0 
2019-08-21 0 0 7219 0 
2019-08-22 0 0 7219 0 
2019-08-23 0 0 7219 0 
2019-08-26 0 0 7219 0 
2019-08-27 0 0 7219 0 
2019-08-28 3000 3000 4219 0 
2019-08-29 0 -3000 4219 0 
2019-08-30 0 0 4219 0 
2019-09-02 0 0 4219 0 
2019-09-03 0 0 4219 0 
2019-09-04 0 0 4219 0 
2019-09-05 4500 4500 4219 0 
2019-09-06 0 -4500 4219 0 
2019-09-09 0 0 4219 0 
2019-09-10 0 0 4219 0 
2019-09-11 0 0 4219 0 
2019-09-12 0 0 4219 0 
2019-09-13 4500 4500 4219 0 
2019-09-16 0 -4500 4219 0 
2019-09-17 0 0 4219 0 
2019-09-18 2250 2250 1969 5250 
2019-09-19 0 -2250 7219 0 
2019-09-20 0 0 7219 0 
2019-09-23 0 0 7219 0 
2019-09-24 0 0 7219 0 
2019-09-25 3750 3750 3469 3781 
2019-09-26 0 -3750 7250 0 
2019-09-27 0 0 7250 0 
2019-09-30 0 0 7250 0 
2019-10-01 0 0 7250 0 
2019-10-02 0 0 7250 0 
2019-10-03 0 0 7250 0 
2019-10-04 0 0 7250 0 
2019-10-07 0 0 7250 0 
2019-10-08 0 0 7250 0 
2019-10-09 0 0 7250 0 
2019-10-10 5499 5499 1751 5787 
2019-10-11 0 -5499 7538 0 
2019-10-14 0 0 7538 0 
2019-10-15 2250 2250 5288 0 
2019-10-16 0 -2250 5288 0 
2019-10-17 0 0 5288 0 
2019-10-18 0 0 5288 0 
2019-10-21 0 0 5288 0 
2019-10-22 0 0 5288 0 
2019-10-23 0 0 5288 0 
2019-10-24 0 0 5288 0 
2019-10-25 0 0 5288 0 
2019-10-28 0 0 5288 0 
2019-10-29 0 0 5288 0 
2019-10-30 0 0 5288 0 
2019-10-31 2584 2584 2704 4493 
2019-11-01 0 -2584 7197 0 
2019-11-04 0 0 7197 0 
2019-11-05 2250 2250 4947 0 
2019-11-06 0 -2250 4947 0 
2019-11-07 0 0 4947 0 
2019-11-08 0 0 4947 0 
2019-11-11 0 0 4947 0 
2019-11-12 0 0 4947 0 
2019-11-13 0 0 4947 0 
2019-11-14 3825 3825 1122 5965 
2019-11-15 0 -3825 7087 0 
2019-11-18 0 0 7087 0 
2019-11-19 3675 3675 3412 3695 
2019-11-20 0 -3675 7107 0 
2019-11-21 0 0 7107 0 
2019-11-22 0 0 7107 0 
2019-11-25 0 0 7107 0 
2019-11-26 3750 3750 3357 3775 
2019-11-27 0 -3750 7132 0 
2019-11-28 0 0 7132 0 
2019-11-29 0 0 7132 0 
2019-12-02 0 0 7132 0 
2019-12-03 0 0 7132 0 
2019-12-04 3945 3945 3187 3984 
2019-12-05 0 -3945 7171 0 
2019-12-06 0 0 7171 0 
2019-12-09 0 0 7171 0 
2019-12-10 0 0 7171 0 
2019-12-11 0 0 7171 0 
2019-12-12 3830 3830 3341 3855 
2019-12-13 1975 -1855 5221 0 
2019-12-16 0 -1975 5221 0 
2019-12-17 0 0 5221 0 
2019-12-18 0 0 5221 0 
2019-12-19 0 0 5221 0 
2019-12-20 3416 3416 1805 5262 
2019-12-23 0 -3416 7067 0 
2019-12-24 0 0 7067 0 
2019-12-25 0 0 7067 0 
2019-12-26 3000 3000 4067 0 
2019-12-27 0 -3000 4067 0 
2019-12-30 0 0 4067 0 
2019-12-31 0 0 4067 0 
2020-01-01 0 0 4067 0 
2020-01-02 3000 3000 1067 5936 
2020-01-03 0 -3000 7003 0 
2020-01-06 0 0 7003 0 
2020-01-07 0 0 7003 0 
2020-01-08 0 0 7003 0 
2020-01-09 2428 2428 4575 0 
2020-01-10 0 -2428 4575 0 
2020-01-13 0 0 4575 0 
2020-01-14 0 0 4575 0 
2020-01-15 0 0 4575 0 
2020-01-16 0 0 4575 0 
2020-01-17 0 0 4575 0 
2020-01-20 0 0 4575 0 
2020-01-21 0 0 4575 0 
2020-01-22 0 0 4575 0 
2020-01-23 4000 4000 575 6402 
2020-01-24 0 -4000 6977 0 
2020-01-27 0 0 6977 0 
2020-01-28 0 0 6977 0 
2020-01-29 0 0 6977 0 
2020-01-30 3000 3000 3977 0 
2020-01-31 0 -3000 3977 0 
2020-02-03 0 0 3977 0 
2020-02-04 0 0 3977 0 
2020-02-05 0 0 3977 0 
2020-02-06 0 0 3977 0 
2020-02-07 0 0 3977 0 
2020-02-10 0 0 3977 0 
2020-02-11 0 0 3977 0 
2020-02-12 4000 4000 3977 0 
2020-02-13 0 -4000 3977 0 
2020-02-14 0 0 3977 0 
2020-02-17 3000 3000 977 5988 
2020-02-18 0 -3000 6965 0 
2020-02-19 0 0 6965 0 
2020-02-20 3000 3000 3965 0 
2020-02-21 0 -3000 3965 0 
2020-02-24 0 0 3965 0 
2020-02-25 3000 3000 965 5958 
2020-02-26 0 -3000 6923 0 
2020-02-27 0 0 6923 0 
2020-02-28 1667 1667 5256 0 
2020-03-02 0 -1667 5256 0 
2020-03-03 0 0 5256 0 
2020-03-04 0 0 5256 0 
2020-03-05 0 0 5256 0 
2020-03-06 0 0 5256 0 
2020-03-09 0 0 5256 0 
2020-03-10 0 0 5256 0 
2020-03-11 0 0 5256 0 
2020-03-12 0 0 5256 0 
2020-03-13 0 0 5256 0 
2020-03-16 0 0 5256 0 
2020-03-17 0 0 5256 0 
2020-03-18 0 0 5256 0 
2020-03-19 2000 2000 3256 3516 
2020-03-20 0 -2000 6772 0 
2020-03-23 0 0 6772 0 
2020-03-24 0 0 6772 0 
2020-03-25 4000 4000 2772 4034 
2020-03-26 0 -4000 6806 0 
2020-03-27 0 0 6806 0 
2020-03-30 0 0 6806 0 
2020-03-31 0 0 6806 0 
2020-04-01 0 0 6806 0 
2020-04-02 3667 3667 3139 3685 
2020-04-03 0 -3667 6824 0 
2020-04-06 0 0 6824 0 
2020-04-07 3000 3000 3824 0 
2020-04-08 0 -3000 3824 0 
2020-04-09 0 0 3824 0 
2020-04-10 0 0 3824 0 
2020-04-13 0 0 3824 0 
2020-04-14 0 0 3824 0 
2020-04-15 0 0 3824 0 
2020-04-16 0 0 3824 0 
2020-04-17 2666 2666 1158 5625 
2020-04-20 0 -2666 6783 0 
2020-04-21 0 0 6783 0 
2020-04-22 0 0 6783 0 
2020-04-23 0 0 6783 0 
2020-04-24 0 0 6783 0 
2020-04-27 0 0 6783 0 
2020-04-28 0 0 6783 0 
2020-04-29 0 0 6783 0 
2020-04-30 0 0 6783 0 
2020-05-01 0 0 6783 0 
2020-05-04 0 0 6783 0 
2020-05-05 0 0 6783 0 
2020-05-06 4000 4000 2783 4030 
2020-05-07 0 -4000 6813 0 
2020-05-08 0 0 6813 0 
2020-05-11 3000 3000 3813 0 
