date demand demandChange inventoryPosition orderQuantity
2019-07-02 0 0 3000 0 
2019-07-03 0 0 3000 0 
2019-07-04 0 0 3000 0 
2019-07-05 0 0 3000 0 
2019-07-08 0 0 3000 0 
2019-07-09 0 0 3000 0 
2019-07-10 0 0 3000 0 
2019-07-11 0 0 3000 0 
2019-07-12 0 0 3000 0 
2019-07-15 0 0 3000 0 
2019-07-16 0 0 3000 0 
2019-07-17 0 0 3000 0 
2019-07-18 0 0 3000 0 
2019-07-19 0 0 3000 0 
2019-07-22 0 0 3000 0 
2019-07-23 0 0 3000 0 
2019-07-24 0 0 3000 0 
2019-07-25 0 0 3000 0 
2019-07-26 0 0 3000 0 
2019-07-29 0 0 3000 0 
2019-07-30 0 0 3000 0 
2019-07-31 0 0 3000 0 
2019-08-01 0 0 3000 0 
2019-08-02 0 0 3000 0 
2019-08-05 0 0 3000 0 
2019-08-06 0 0 3000 0 
2019-08-07 2937 2937 63 6849 
2019-08-08 0 -2937 6912 0 
2019-08-09 0 0 6912 0 
2019-08-12 0 0 6912 0 
2019-08-13 3063 3063 3849 0 
2019-08-14 0 -3063 3849 0 
2019-08-15 0 0 3849 0 
2019-08-16 0 0 3849 0 
2019-08-19 0 0 3849 0 
2019-08-20 0 0 3849 0 
2019-08-21 4500 4500 3849 0 
2019-08-22 0 -4500 3849 0 
2019-08-23 0 0 3849 0 
2019-08-26 0 0 3849 0 
2019-08-27 0 0 3849 0 
2019-08-28 0 0 3849 0 
2019-08-29 0 0 3849 0 
2019-08-30 4500 4500 3849 0 
2019-09-02 0 -4500 3849 0 
2019-09-03 0 0 3849 0 
2019-09-04 0 0 3849 0 
2019-09-05 0 0 3849 0 
2019-09-06 0 0 3849 0 
2019-09-09 0 0 3849 0 
2019-09-10 0 0 3849 0 
2019-09-11 0 0 3849 0 
2019-09-12 0 0 3849 0 
2019-09-13 3000 3000 849 7152 
2019-09-16 0 -3000 8001 0 
2019-09-17 0 0 8001 0 
2019-09-18 2250 2250 5751 0 
2019-09-19 0 -2250 5751 0 
2019-09-20 0 0 5751 0 
2019-09-23 0 0 5751 0 
2019-09-24 2583 2583 3168 4283 
2019-09-25 0 -2583 7451 0 
2019-09-26 1500 1500 5951 0 
2019-09-27 0 -1500 5951 0 
2019-09-30 0 0 5951 0 
2019-10-01 0 0 5951 0 
2019-10-02 3000 3000 2951 4128 
2019-10-03 0 -3000 7079 0 
2019-10-04 0 0 7079 0 
2019-10-07 0 0 7079 0 
2019-10-08 0 0 7079 0 
2019-10-09 0 0 7079 0 
2019-10-10 0 0 7079 0 
2019-10-11 0 0 7079 0 
2019-10-14 0 0 7079 0 
2019-10-15 4781 4781 2298 5071 
2019-10-16 0 -4781 7369 0 
2019-10-17 0 0 7369 0 
2019-10-18 0 0 7369 0 
2019-10-21 0 0 7369 0 
2019-10-22 0 0 7369 0 
2019-10-23 0 0 7369 0 
2019-10-24 0 0 7369 0 
2019-10-25 1885 1885 5484 0 
2019-10-28 0 -1885 5484 0 
2019-10-29 0 0 5484 0 
2019-10-30 0 0 5484 0 
2019-10-31 0 0 5484 0 
2019-11-01 0 0 5484 0 
2019-11-04 0 0 5484 0 
2019-11-05 0 0 5484 0 
2019-11-06 1500 1500 3984 0 
2019-11-07 0 -1500 3984 0 
2019-11-08 0 0 3984 0 
2019-11-11 0 0 3984 0 
2019-11-12 0 0 3984 0 
2019-11-13 3750 3750 234 6817 
2019-11-14 0 -3750 7051 0 
2019-11-15 0 0 7051 0 
2019-11-18 0 0 7051 0 
2019-11-19 0 0 7051 0 
2019-11-20 0 0 7051 0 
2019-11-21 4500 4500 2551 4674 
2019-11-22 0 -4500 7225 0 
2019-11-25 0 0 7225 0 
2019-11-26 2250 2250 4975 0 
2019-11-27 0 -2250 4975 0 
2019-11-28 0 0 4975 0 
2019-11-29 0 0 4975 0 
2019-12-02 2735 2735 2240 4854 
2019-12-03 0 -2735 7094 0 
2019-12-04 0 0 7094 0 
2019-12-05 0 0 7094 0 
2019-12-06 0 0 7094 0 
2019-12-09 0 0 7094 0 
2019-12-10 0 0 7094 0 
2019-12-11 0 0 7094 0 
2019-12-12 0 0 7094 0 
2019-12-13 0 0 7094 0 
2019-12-16 0 0 7094 0 
2019-12-17 0 0 7094 0 
2019-12-18 4250 4250 2844 4368 
2019-12-19 0 -4250 7212 0 
2019-12-20 0 0 7212 0 
2019-12-23 0 0 7212 0 
2019-12-24 2601 2601 4611 0 
2019-12-25 0 -2601 4611 0 
2019-12-26 0 0 4611 0 
2019-12-27 2930 2930 1681 5470 
2019-12-30 2424 -506 4727 0 
2019-12-31 0 -2424 4727 0 
2020-01-01 0 0 4727 0 
2020-01-02 2500 2500 2227 4826 
2020-01-03 0 -2500 7053 0 
2020-01-06 0 0 7053 0 
2020-01-07 0 0 7053 0 
2020-01-08 0 0 7053 0 
2020-01-09 0 0 7053 0 
2020-01-10 0 0 7053 0 
2020-01-13 0 0 7053 0 
2020-01-14 0 0 7053 0 
2020-01-15 0 0 7053 0 
2020-01-16 0 0 7053 0 
2020-01-17 4784 4784 2269 4918 
2020-01-20 0 -4784 7187 0 
2020-01-21 2369 2369 4818 0 
2020-01-22 0 -2369 4818 0 
2020-01-23 0 0 4818 0 
2020-01-24 0 0 4818 0 
2020-01-27 0 0 4818 0 
2020-01-28 0 0 4818 0 
2020-01-29 0 0 4818 0 
2020-01-30 0 0 4818 0 
2020-01-31 4444 4444 374 6855 
2020-02-03 2240 -2204 4989 0 
2020-02-04 0 -2240 4989 0 
2020-02-05 0 0 4989 0 
2020-02-06 4515 4515 474 6786 
2020-02-07 0 -4515 7260 0 
2020-02-10 2018 2018 5242 0 
2020-02-11 0 -2018 5242 0 
2020-02-12 0 0 5242 0 
2020-02-13 0 0 5242 0 
2020-02-14 0 0 5242 0 
2020-02-17 0 0 5242 0 
2020-02-18 0 0 5242 0 
2020-02-19 0 0 5242 0 
2020-02-20 0 0 5242 0 
2020-02-21 0 0 5242 0 
2020-02-24 5610 5610 3113 4226 
2020-02-25 0 -5610 7339 0 
2020-02-26 0 0 7339 0 
2020-02-27 0 0 7339 0 
2020-02-28 2482 2482 4857 0 
2020-03-02 0 -2482 4857 0 
2020-03-03 0 0 4857 0 
2020-03-04 0 0 4857 0 
2020-03-05 7227 7227 4857 0 
2020-03-06 0 -7227 4857 0 
2020-03-09 0 0 4857 0 
2020-03-10 0 0 4857 0 
2020-03-11 0 0 4857 0 
2020-03-12 4187 4187 670 6898 
2020-03-13 0 -4187 7568 0 
2020-03-16 0 0 7568 0 
2020-03-17 0 0 7568 0 
2020-03-18 2920 2920 4648 0 
2020-03-19 0 -2920 4648 0 
2020-03-20 0 0 4648 0 
2020-03-23 0 0 4648 0 
2020-03-24 0 0 4648 0 
2020-03-25 0 0 4648 0 
2020-03-26 7098 7098 4648 0 
2020-03-27 0 -7098 4648 0 
2020-03-30 0 0 4648 0 
2020-03-31 0 0 4648 0 
2020-04-01 0 0 4648 0 
2020-04-02 4205 4205 443 7327 
2020-04-03 0 -4205 7770 0 
2020-04-06 0 0 7770 0 
2020-04-07 0 0 7770 0 
2020-04-08 0 0 7770 0 
2020-04-09 5000 5000 2770 5072 
2020-04-10 0 -5000 7842 0 
2020-04-13 0 0 7842 0 
2020-04-14 0 0 7842 0 
2020-04-15 0 0 7842 0 
2020-04-16 0 0 7842 0 
2020-04-17 3012 3012 4830 0 
2020-04-20 2442 -570 2388 5386 
2020-04-21 0 -2442 7774 0 
2020-04-22 0 0 7774 0 
2020-04-23 0 0 7774 0 
2020-04-24 0 0 7774 0 
2020-04-27 0 0 7774 0 
2020-04-28 2714 2714 5060 0 
2020-04-29 4668 1954 392 7402 
2020-04-30 0 -4668 7794 0 
2020-05-01 0 0 7794 0 
2020-05-04 2626 2626 5168 0 
2020-05-05 0 -2626 5168 0 
2020-05-06 0 0 5168 0 
2020-05-07 0 0 5168 0 
2020-05-08 2562 2562 2606 5118 
2020-05-11 0 -2562 7724 0 
