Tuple ScCost FR holdingCosts penaltyCosts orderCosts setupCosts productionCosts purchaseCosts transportCosts
P,CC-F01 0.0 1.0 0.0 0.0 0.0 0.0 0.0 0.0 0.0 
P,CC-F02 0.0 1.0 0.0 0.0 0.0 0.0 0.0 0.0 0.0 
P,CC-F03 0.0 0.8918918918918919 0.0 45000.0 0.0 0.0 0.0 0.0 0.0 
P,CC-F04 0.0 0.9583333333333334 0.0 11750.0 0.0 0.0 0.0 0.0 0.0 
P,CC-F05 0.0 0.8823529411764706 0.0 56700.0 0.0 0.0 0.0 0.0 0.0 
P,CC-F06 0.0 1.0 0.0 0.0 0.0 0.0 0.0 0.0 0.0 
P,CC-F11 0.0 0.967741935483871 0.0 13750.0 0.0 0.0 0.0 0.0 0.0 
P,CC-F12 0.0 1.0 0.0 0.0 0.0 0.0 0.0 0.0 0.0 
P,CC-F13 0.0 0.9166666666666666 0.0 15175.0 0.0 0.0 0.0 0.0 0.0 
P,CC-F14 0.0 1.0 0.0 0.0 0.0 0.0 0.0 0.0 0.0 
P,CC-F15 0.0 0.975609756097561 0.0 14350.0 0.0 0.0 0.0 0.0 0.0 
P,CC-F16 0.0 0.9841269841269842 0.0 12975.0 0.0 0.0 0.0 0.0 0.0 
P,CC-P01 831476.3499999997 NaN 489737.81999999966 0.0 19200.0 0.0 0.0 322538.5300000001 0.0 
P,CC-P02 459651.13 NaN 296915.97000000003 0.0 15200.0 0.0 0.0 147535.16 0.0 
P,CC-P03 1430747.8200000003 NaN 1009969.2500000005 0.0 20000.0 0.0 0.0 400778.5699999999 0.0 
P,CC-P04 623541.7999999999 NaN 408996.89999999997 0.0 14000.0 0.0 0.0 200544.89999999997 0.0 
P,CC-R01 836776.3999999997 NaN 571116.7999999997 0.0 27000.0 0.0 0.0 238659.6 0.0 
P,CC-R02 1998212.9500000002 NaN 1232740.9900000002 0.0 48000.0 0.0 0.0 717471.96 0.0 
P,CC-R03 2414166.470000001 NaN 1698849.2900000014 0.0 38000.0 0.0 0.0 677317.1799999998 0.0 
P,CC-R04 760514.2800000001 NaN 613622.4000000001 0.0 15000.0 0.0 0.0 131891.88 0.0 
P,CC-R05 1437605.23 NaN 757260.7999999998 0.0 53000.0 0.0 0.0 627344.43 0.0 
P,CC-R06 1520543.76 NaN 822763.4499999997 0.0 56000.0 0.0 0.0 641780.3100000003 0.0 
02,CC-F01 575394.1399999995 1.0 415794.8599999995 0.0 0.0 14400.0 77367.18000000001 0.0 67832.09999999999 
02,CC-F02 651029.7000000002 1.0 434988.96000000025 0.0 0.0 19200.0 106963.54 0.0 89877.19999999997 
02,CC-F03 865901.2299999989 0.9836065573770492 590734.3499999989 0.0 0.0 19800.0 140878.07999999996 0.0 114488.8 
02,CC-F04 639320.0000000003 1.0 459463.59000000043 0.0 0.0 13800.0 86231.20999999999 0.0 79825.19999999998 
02,CC-F05 807656.27 0.8354430379746836 621055.04 0.0 0.0 18000.0 87874.74 0.0 80726.49 
02,CC-F06 771140.02 0.98989898989899 549821.12 0.0 0.0 27600.0 126509.34999999996 0.0 67209.55000000002 
02,CC-F11 891023.0100000002 1.0 606549.1200000002 0.0 0.0 24000.0 137666.4 0.0 122807.48999999998 
02,CC-F12 953702.1799999999 1.0 722627.1599999999 0.0 0.0 20000.0 119745.53999999998 0.0 91329.47999999997 
02,CC-F13 734561.2000000008 1.0 641416.8800000007 0.0 0.0 8800.0 46186.80000000001 0.0 38157.52 
02,CC-F14 792417.1299999998 1.0 576740.1099999998 0.0 0.0 16800.0 105062.37 0.0 93814.65 
02,CC-F15 650798.739999999 0.9838709677419355 499930.91999999905 0.0 0.0 32000.0 65599.22 0.0 53268.6 
02,CC-F16 1117776.6799999995 0.9857142857142858 711433.7999999996 0.0 0.0 49600.0 233671.57999999993 0.0 123071.29999999996 
02,CC-P01 0.0 NaN 0.0 0.0 0.0 0.0 0.0 0.0 0.0 
02,CC-P02 0.0 NaN 0.0 0.0 0.0 0.0 0.0 0.0 0.0 
02,CC-P03 0.0 NaN 0.0 0.0 0.0 0.0 0.0 0.0 0.0 
02,CC-P04 0.0 NaN 0.0 0.0 0.0 0.0 0.0 0.0 0.0 
02,CC-R01 0.0 NaN 0.0 0.0 0.0 0.0 0.0 0.0 0.0 
02,CC-R02 0.0 NaN 0.0 0.0 0.0 0.0 0.0 0.0 0.0 
02,CC-R03 0.0 NaN 0.0 0.0 0.0 0.0 0.0 0.0 0.0 
02,CC-R04 0.0 NaN 0.0 0.0 0.0 0.0 0.0 0.0 0.0 
02,CC-R05 0.0 NaN 0.0 0.0 0.0 0.0 0.0 0.0 0.0 
02,CC-R06 0.0 NaN 0.0 0.0 0.0 0.0 0.0 0.0 0.0 
02W,CC-F01 271817.1499999998 0.7096774193548387 167197.14999999982 96300.0 8320.0 0.0 0.0 0.0 0.0 
02W,CC-F02 315383.47999999975 0.7105263157894737 188633.47999999975 117150.0 9600.0 0.0 0.0 0.0 0.0 
02W,CC-F03 243470.50000000017 0.95 207770.50000000017 22500.0 13200.0 0.0 0.0 0.0 0.0 
02W,CC-F04 224775.13999999966 0.9230769230769231 192175.13999999966 23500.0 9100.0 0.0 0.0 0.0 0.0 
02W,CC-F05 292322.83999999985 0.9375 258827.83999999988 14175.0 19320.0 0.0 0.0 0.0 0.0 
02W,CC-F06 318580.32 0.8888888888888888 267880.32 30900.0 19800.0 0.0 0.0 0.0 0.0 
02W,CC-F11 366526.0600000001 0.8076923076923077 287116.0600000001 68750.0 10660.0 0.0 0.0 0.0 0.0 
02W,CC-F12 402571.9899999999 0.8571428571428572 342846.9899999999 49725.0 10000.0 0.0 0.0 0.0 0.0 
02W,CC-F13 349993.9599999997 0.9230769230769231 329418.9599999997 15175.0 5400.0 0.0 0.0 0.0 0.0 
02W,CC-F14 267186.7000000002 0.962962962962963 243086.70000000022 13180.0 10920.0 0.0 0.0 0.0 0.0 
02W,CC-F15 291063.3399999998 0.8666666666666667 220223.3399999998 28700.0 42140.0 0.0 0.0 0.0 0.0 
02W,CC-F16 373504.2000000002 0.8918918918918919 287284.2000000002 51900.0 34320.0 0.0 0.0 0.0 0.0 
02W,CC-P01 0.0 NaN 0.0 0.0 0.0 0.0 0.0 0.0 0.0 
02W,CC-P02 0.0 NaN 0.0 0.0 0.0 0.0 0.0 0.0 0.0 
02W,CC-P03 0.0 NaN 0.0 0.0 0.0 0.0 0.0 0.0 0.0 
02W,CC-P04 0.0 NaN 0.0 0.0 0.0 0.0 0.0 0.0 0.0 
02W,CC-R01 0.0 NaN 0.0 0.0 0.0 0.0 0.0 0.0 0.0 
02W,CC-R02 0.0 NaN 0.0 0.0 0.0 0.0 0.0 0.0 0.0 
02W,CC-R03 0.0 NaN 0.0 0.0 0.0 0.0 0.0 0.0 0.0 
02W,CC-R04 0.0 NaN 0.0 0.0 0.0 0.0 0.0 0.0 0.0 
02W,CC-R05 0.0 NaN 0.0 0.0 0.0 0.0 0.0 0.0 0.0 
02W,CC-R06 0.0 NaN 0.0 0.0 0.0 0.0 0.0 0.0 0.0 
02N,CC-F01 224968.27000000025 0.8611111111111112 159948.27000000025 53500.0 11520.0 0.0 0.0 0.0 0.0 
02N,CC-F02 272290.9600000001 0.8095238095238095 173650.96000000008 85200.0 13440.0 0.0 0.0 0.0 0.0 
02N,CC-F03 281760.1500000003 0.8571428571428572 200400.1500000003 67500.0 13860.0 0.0 0.0 0.0 0.0 
02N,CC-F04 234530.13999999987 0.9565217391304348 213680.13999999987 11750.0 9100.0 0.0 0.0 0.0 0.0 
02N,CC-F05 253380.56000000014 0.9047619047619048 207390.56000000014 28350.0 17640.0 0.0 0.0 0.0 0.0 
02N,CC-F06 322822.40000000026 0.8571428571428572 260622.40000000023 41200.0 21000.0 0.0 0.0 0.0 0.0 
02N,CC-F11 307822.3599999997 0.8717948717948718 225132.3599999997 68750.0 13940.0 0.0 0.0 0.0 0.0 
02N,CC-F12 319857.41999999934 1.0 307857.41999999934 0.0 12000.0 0.0 0.0 0.0 0.0 
02N,CC-F13 332502.4400000002 1.0 331602.4400000002 0.0 900.0 0.0 0.0 0.0 0.0 
02N,CC-F14 239010.12000000023 1.0 227310.12000000023 0.0 11700.0 0.0 0.0 0.0 0.0 
02N,CC-F15 250838.6400000008 0.875 204668.6400000008 14350.0 31820.0 0.0 0.0 0.0 0.0 
02N,CC-F16 381543.0000000001 0.9696969696969697 333468.0000000001 12975.0 35100.0 0.0 0.0 0.0 0.0 
02N,CC-P01 0.0 NaN 0.0 0.0 0.0 0.0 0.0 0.0 0.0 
02N,CC-P02 0.0 NaN 0.0 0.0 0.0 0.0 0.0 0.0 0.0 
02N,CC-P03 0.0 NaN 0.0 0.0 0.0 0.0 0.0 0.0 0.0 
02N,CC-P04 0.0 NaN 0.0 0.0 0.0 0.0 0.0 0.0 0.0 
02N,CC-R01 0.0 NaN 0.0 0.0 0.0 0.0 0.0 0.0 0.0 
02N,CC-R02 0.0 NaN 0.0 0.0 0.0 0.0 0.0 0.0 0.0 
02N,CC-R03 0.0 NaN 0.0 0.0 0.0 0.0 0.0 0.0 0.0 
02N,CC-R04 0.0 NaN 0.0 0.0 0.0 0.0 0.0 0.0 0.0 
02N,CC-R05 0.0 NaN 0.0 0.0 0.0 0.0 0.0 0.0 0.0 
02N,CC-R06 0.0 NaN 0.0 0.0 0.0 0.0 0.0 0.0 0.0 
02S,CC-F01 304889.7399999995 0.5151515151515151 127289.73999999955 171200.0 6400.0 0.0 0.0 0.0 0.0 
02S,CC-F02 268337.56000000006 0.7916666666666666 149037.56000000003 106500.0 12800.0 0.0 0.0 0.0 0.0 
02S,CC-F03 265786.1000000002 0.8974358974358975 208246.1000000002 45000.0 12540.0 0.0 0.0 0.0 0.0 
02S,CC-F04 226689.6800000001 0.88 183039.6800000001 35250.0 8400.0 0.0 0.0 0.0 0.0 
02S,CC-F05 256586.31999999992 0.9 209756.31999999992 28350.0 18480.0 0.0 0.0 0.0 0.0 
02S,CC-F06 323314.8800000004 0.6875 202314.8800000004 103000.0 18000.0 0.0 0.0 0.0 0.0 
02S,CC-F11 305806.52000000014 0.8863636363636364 219836.5200000001 68750.0 17220.0 0.0 0.0 0.0 0.0 
02S,CC-F12 439555.33000000037 0.9166666666666666 393405.33000000037 33150.0 13000.0 0.0 0.0 0.0 0.0 
02S,CC-F13 343149.7199999998 0.8947368421052632 304699.7199999998 30350.0 8100.0 0.0 0.0 0.0 0.0 
02S,CC-F14 281445.7899999999 0.9285714285714286 244165.78999999995 26360.0 10920.0 0.0 0.0 0.0 0.0 
02S,CC-F15 306838.6000000001 0.7894736842105263 218478.6000000001 57400.0 30960.0 0.0 0.0 0.0 0.0 
02S,CC-F16 390868.2000000002 0.8837209302325582 287773.2000000002 64875.0 38220.0 0.0 0.0 0.0 0.0 
02S,CC-P01 0.0 NaN 0.0 0.0 0.0 0.0 0.0 0.0 0.0 
02S,CC-P02 0.0 NaN 0.0 0.0 0.0 0.0 0.0 0.0 0.0 
02S,CC-P03 0.0 NaN 0.0 0.0 0.0 0.0 0.0 0.0 0.0 
02S,CC-P04 0.0 NaN 0.0 0.0 0.0 0.0 0.0 0.0 0.0 
02S,CC-R01 0.0 NaN 0.0 0.0 0.0 0.0 0.0 0.0 0.0 
02S,CC-R02 0.0 NaN 0.0 0.0 0.0 0.0 0.0 0.0 0.0 
02S,CC-R03 0.0 NaN 0.0 0.0 0.0 0.0 0.0 0.0 0.0 
02S,CC-R04 0.0 NaN 0.0 0.0 0.0 0.0 0.0 0.0 0.0 
02S,CC-R05 0.0 NaN 0.0 0.0 0.0 0.0 0.0 0.0 0.0 
02S,CC-R06 0.0 NaN 0.0 0.0 0.0 0.0 0.0 0.0 0.0 
