Tuple ScCost FR holdingCosts penaltyCosts orderCosts setupCosts productionCosts purchaseCosts transportCosts
P,CC-F01 0.0 0.6744186046511628 0.0 149800.0 0.0 0.0 0.0 0.0 0.0 
P,CC-F02 0.0 0.9489795918367347 0.0 53250.0 0.0 0.0 0.0 0.0 0.0 
P,CC-F03 0.0 0.9125 0.0 78750.0 0.0 0.0 0.0 0.0 0.0 
P,CC-F04 0.0 0.8837209302325582 0.0 117500.0 0.0 0.0 0.0 0.0 0.0 
P,CC-F05 0.0 0.8873239436619719 0.0 113400.0 0.0 0.0 0.0 0.0 0.0 
P,CC-F06 0.0 0.9532710280373832 0.0 51500.0 0.0 0.0 0.0 0.0 0.0 
P,CC-F11 0.0 0.8135593220338984 0.0 302500.0 0.0 0.0 0.0 0.0 0.0 
P,CC-F12 0.0 0.8888888888888888 0.0 82875.0 0.0 0.0 0.0 0.0 0.0 
P,CC-F13 0.0 0.6363636363636364 0.0 121400.0 0.0 0.0 0.0 0.0 0.0 
P,CC-F14 0.0 0.19999999999999996 0.0 632640.0 0.0 0.0 0.0 0.0 0.0 
P,CC-F15 0.0 0.0 0.0 43050.0 0.0 0.0 0.0 0.0 0.0 
P,CC-F16 0.0 0.900990099009901 0.0 129750.0 0.0 0.0 0.0 0.0 0.0 
P,CC-P01 1004424.8400000003 NaN 635725.8600000003 0.0 24800.0 0.0 0.0 343898.98 0.0 
P,CC-P02 441673.2700000001 NaN 259840.95000000004 0.0 31200.0 0.0 0.0 150632.32 0.0 
P,CC-P03 890214.0899999996 NaN 374859.1499999999 0.0 66000.0 0.0 0.0 449354.93999999977 0.0 
P,CC-P04 781410.4999999999 NaN 519475.2999999999 0.0 26000.0 0.0 0.0 235935.20000000007 0.0 
P,CC-R01 523166.42000000004 NaN 196808.00000000006 0.0 69000.0 0.0 0.0 257358.42 0.0 
P,CC-R02 1756969.0099999998 NaN 793174.8199999998 0.0 114000.0 0.0 0.0 849794.19 0.0 
P,CC-R03 3183378.6900000004 NaN 2092839.1800000006 0.0 110000.0 0.0 0.0 980539.5099999999 0.0 
P,CC-R04 462359.86000000004 NaN 286803.6000000001 0.0 47000.0 0.0 0.0 128556.25999999995 0.0 
P,CC-R05 1257086.3299999998 NaN 461291.9999999999 0.0 153000.0 0.0 0.0 642794.33 0.0 
P,CC-R06 1328106.7399999998 NaN 543139.4599999998 0.0 169000.0 0.0 0.0 615967.2799999999 0.0 
02,CC-F01 1223616.25 0.9829059829059829 969272.0799999998 0.0 0.0 17400.0 127247.67000000006 0.0 109696.49999999996 
02,CC-F02 580193.3000000003 0.9523809523809523 270440.2400000001 0.0 0.0 55800.0 136844.2600000001 0.0 117108.80000000005 
02,CC-F03 644056.7000000002 0.9906542056074766 315723.5800000002 0.0 0.0 43800.0 155473.92 0.0 129059.19999999991 
02,CC-F04 452705.1899999997 0.8695652173913043 226129.2399999998 0.0 0.0 45600.0 91964.50999999995 0.0 89011.43999999999 
02,CC-F05 387864.5200000002 0.7549019607843137 186752.3200000002 0.0 0.0 37800.0 82785.50999999998 0.0 80526.68999999999 
02,CC-F06 1050465.4499999997 0.9444444444444444 730952.6399999998 0.0 0.0 61200.0 169542.45000000004 0.0 88770.35999999999 
02,CC-F11 706984.4400000002 0.7830188679245282 329560.9800000001 0.0 0.0 76800.0 158527.26 0.0 142096.2 
02,CC-F12 1646588.8600000008 1.0 1353675.6600000006 0.0 0.0 32000.0 150649.64000000007 0.0 110263.55999999994 
02,CC-F13 1507673.9199999997 1.0 1373986.1199999996 0.0 0.0 11200.0 72643.12000000001 0.0 49844.67999999999 
02,CC-F14 1726562.9200000002 0.9809523809523809 1488599.2900000003 0.0 0.0 9600.0 124889.73 0.0 103473.90000000001 
02,CC-F15 0.0 0.0 0.0 0.0 0.0 0.0 0.0 0.0 0.0 
02,CC-F16 907870.2000000001 0.9574468085106383 437893.2000000001 0.0 0.0 72800.0 259474.05 0.0 137702.94999999995 
02,CC-P01 0.0 NaN 0.0 0.0 0.0 0.0 0.0 0.0 0.0 
02,CC-P02 0.0 NaN 0.0 0.0 0.0 0.0 0.0 0.0 0.0 
02,CC-P03 0.0 NaN 0.0 0.0 0.0 0.0 0.0 0.0 0.0 
02,CC-P04 0.0 NaN 0.0 0.0 0.0 0.0 0.0 0.0 0.0 
02,CC-R01 0.0 NaN 0.0 0.0 0.0 0.0 0.0 0.0 0.0 
02,CC-R02 0.0 NaN 0.0 0.0 0.0 0.0 0.0 0.0 0.0 
02,CC-R03 0.0 NaN 0.0 0.0 0.0 0.0 0.0 0.0 0.0 
02,CC-R04 0.0 NaN 0.0 0.0 0.0 0.0 0.0 0.0 0.0 
02,CC-R05 0.0 NaN 0.0 0.0 0.0 0.0 0.0 0.0 0.0 
02,CC-R06 0.0 NaN 0.0 0.0 0.0 0.0 0.0 0.0 0.0 
02W,CC-F01 477892.6800000003 1.0 458692.6800000003 0.0 19200.0 0.0 0.0 0.0 0.0 
02W,CC-F02 567344.2399999998 1.0 552624.2399999998 0.0 14720.0 0.0 0.0 0.0 0.0 
02W,CC-F03 508523.02999999974 0.975 476153.02999999974 11250.0 21120.0 0.0 0.0 0.0 0.0 
02W,CC-F04 189284.64999999994 0.9615384615384616 158634.64999999994 11750.0 18900.0 0.0 0.0 0.0 0.0 
02W,CC-F05 601153.4400000002 1.0 586033.4400000002 0.0 15120.0 0.0 0.0 0.0 0.0 
02W,CC-F06 723952.3199999997 1.0 712552.3199999997 0.0 11400.0 0.0 0.0 0.0 0.0 
02W,CC-F11 729632.0600000006 1.0 707492.0600000006 0.0 22140.0 0.0 0.0 0.0 0.0 
02W,CC-F12 299317.78000000026 0.9523809523809523 257742.78000000026 16575.0 25000.0 0.0 0.0 0.0 0.0 
02W,CC-F13 277166.0000000004 1.0 263666.0000000004 0.0 13500.0 0.0 0.0 0.0 0.0 
02W,CC-F14 202514.83000000007 1.0 179894.83000000007 0.0 22620.0 0.0 0.0 0.0 0.0 
02W,CC-F15 215250.0 0.0 0.0 215250.0 0.0 0.0 0.0 0.0 0.0 
02W,CC-F16 361835.4000000003 0.9459459459459459 273485.4000000003 25950.0 62400.0 0.0 0.0 0.0 0.0 
02W,CC-P01 0.0 NaN 0.0 0.0 0.0 0.0 0.0 0.0 0.0 
02W,CC-P02 0.0 NaN 0.0 0.0 0.0 0.0 0.0 0.0 0.0 
02W,CC-P03 0.0 NaN 0.0 0.0 0.0 0.0 0.0 0.0 0.0 
02W,CC-P04 0.0 NaN 0.0 0.0 0.0 0.0 0.0 0.0 0.0 
02W,CC-R01 0.0 NaN 0.0 0.0 0.0 0.0 0.0 0.0 0.0 
02W,CC-R02 0.0 NaN 0.0 0.0 0.0 0.0 0.0 0.0 0.0 
02W,CC-R03 0.0 NaN 0.0 0.0 0.0 0.0 0.0 0.0 0.0 
02W,CC-R04 0.0 NaN 0.0 0.0 0.0 0.0 0.0 0.0 0.0 
02W,CC-R05 0.0 NaN 0.0 0.0 0.0 0.0 0.0 0.0 0.0 
02W,CC-R06 0.0 NaN 0.0 0.0 0.0 0.0 0.0 0.0 0.0 
02N,CC-F01 402271.53 1.0 378591.53 0.0 23680.0 0.0 0.0 0.0 0.0 
02N,CC-F02 180771.99999999994 1.0 154531.99999999994 0.0 26240.0 0.0 0.0 0.0 0.0 
02N,CC-F03 488185.06000000035 1.0 463105.06000000035 0.0 25080.0 0.0 0.0 0.0 0.0 
02N,CC-F04 176263.38000000006 1.0 155263.38000000006 0.0 21000.0 0.0 0.0 0.0 0.0 
02N,CC-F05 174784.48000000004 1.0 133624.48000000004 0.0 41160.0 0.0 0.0 0.0 0.0 
02N,CC-F06 321475.36000000016 0.9642857142857143 236775.36000000016 10300.0 74400.0 0.0 0.0 0.0 0.0 
02N,CC-F11 249008.08000000005 0.8974358974358975 166128.08000000005 55000.0 27880.0 0.0 0.0 0.0 0.0 
02N,CC-F12 298918.1600000002 1.0 275918.1600000002 0.0 23000.0 0.0 0.0 0.0 0.0 
02N,CC-F13 101691.08000000044 1.0 100791.08000000044 0.0 900.0 0.0 0.0 0.0 0.0 
02N,CC-F14 187038.13000000018 1.0 169098.13000000018 0.0 17940.0 0.0 0.0 0.0 0.0 
02N,CC-F15 114800.0 0.0 0.0 114800.0 0.0 0.0 0.0 0.0 0.0 
02N,CC-F16 358947.60000000015 1.0 317607.60000000015 0.0 41340.0 0.0 0.0 0.0 0.0 
02N,CC-P01 0.0 NaN 0.0 0.0 0.0 0.0 0.0 0.0 0.0 
02N,CC-P02 0.0 NaN 0.0 0.0 0.0 0.0 0.0 0.0 0.0 
02N,CC-P03 0.0 NaN 0.0 0.0 0.0 0.0 0.0 0.0 0.0 
02N,CC-P04 0.0 NaN 0.0 0.0 0.0 0.0 0.0 0.0 0.0 
02N,CC-R01 0.0 NaN 0.0 0.0 0.0 0.0 0.0 0.0 0.0 
02N,CC-R02 0.0 NaN 0.0 0.0 0.0 0.0 0.0 0.0 0.0 
02N,CC-R03 0.0 NaN 0.0 0.0 0.0 0.0 0.0 0.0 0.0 
02N,CC-R04 0.0 NaN 0.0 0.0 0.0 0.0 0.0 0.0 0.0 
02N,CC-R05 0.0 NaN 0.0 0.0 0.0 0.0 0.0 0.0 0.0 
02N,CC-R06 0.0 NaN 0.0 0.0 0.0 0.0 0.0 0.0 0.0 
02S,CC-F01 172928.54 1.0 142208.54 0.0 30720.0 0.0 0.0 0.0 0.0 
02S,CC-F02 166647.88 1.0 130807.88 0.0 35840.0 0.0 0.0 0.0 0.0 
02S,CC-F03 551099.4800000009 1.0 527339.4800000009 0.0 23760.0 0.0 0.0 0.0 0.0 
02S,CC-F04 492033.18999999936 1.0 475933.18999999936 0.0 16100.0 0.0 0.0 0.0 0.0 
02S,CC-F05 610593.9199999997 1.0 602193.9199999997 0.0 8400.0 0.0 0.0 0.0 0.0 
02S,CC-F06 308727.0400000006 1.0 272127.0400000006 0.0 36600.0 0.0 0.0 0.0 0.0 
02S,CC-F11 564806.2399999993 1.0 546766.2399999993 0.0 18040.0 0.0 0.0 0.0 0.0 
02S,CC-F12 924313.3799999999 1.0 897313.3799999999 0.0 27000.0 0.0 0.0 0.0 0.0 
02S,CC-F13 805117.120000002 1.0 786217.120000002 0.0 18900.0 0.0 0.0 0.0 0.0 
02S,CC-F14 226625.25999999995 1.0 186845.25999999995 0.0 39780.0 0.0 0.0 0.0 0.0 
02S,CC-F15 272650.0 0.0 0.0 272650.0 0.0 0.0 0.0 0.0 0.0 
02S,CC-F16 475851.0 1.0 439191.0 0.0 36660.0 0.0 0.0 0.0 0.0 
02S,CC-P01 0.0 NaN 0.0 0.0 0.0 0.0 0.0 0.0 0.0 
02S,CC-P02 0.0 NaN 0.0 0.0 0.0 0.0 0.0 0.0 0.0 
02S,CC-P03 0.0 NaN 0.0 0.0 0.0 0.0 0.0 0.0 0.0 
02S,CC-P04 0.0 NaN 0.0 0.0 0.0 0.0 0.0 0.0 0.0 
02S,CC-R01 0.0 NaN 0.0 0.0 0.0 0.0 0.0 0.0 0.0 
02S,CC-R02 0.0 NaN 0.0 0.0 0.0 0.0 0.0 0.0 0.0 
02S,CC-R03 0.0 NaN 0.0 0.0 0.0 0.0 0.0 0.0 0.0 
02S,CC-R04 0.0 NaN 0.0 0.0 0.0 0.0 0.0 0.0 0.0 
02S,CC-R05 0.0 NaN 0.0 0.0 0.0 0.0 0.0 0.0 0.0 
02S,CC-R06 0.0 NaN 0.0 0.0 0.0 0.0 0.0 0.0 0.0 
