Iteration FitnessValue ScCosts FR
0 0.7971641572609772 285436.47000000003 1.0
1 0.7971641572609772 285436.47000000003 1.0
2 0.7971641572609772 285436.47000000003 1.0
3 0.7971641572609772 285436.47000000003 1.0
4 0.7971641572609772 285436.47000000003 1.0
5 0.7971641572609772 285436.47000000003 1.0
6 0.7971641572609772 285436.47000000003 1.0
7 0.7971641572609772 285436.47000000003 1.0
8 0.7971641572609772 285436.47000000003 1.0
9 0.7971641572609772 285436.47000000003 1.0
10 0.7971641572609772 285436.47000000003 1.0
11 0.8025320826436949 277882.5699999999 1.0
12 0.8025320826436949 277882.5699999999 1.0
13 0.8025320826436949 277882.5699999999 1.0
14 0.8025320826436949 277882.5699999999 1.0
15 0.8025320826436949 277882.5699999999 1.0
16 0.8025320826436949 277882.5699999999 1.0
17 0.8095965336699477 267941.26999999984 1.0
18 0.8179008184844405 256255.24000000014 1.0
19 0.8179008184844405 256255.24000000014 1.0
20 0.8180584261004578 256033.4500000001 1.0
21 0.8207868307427869 252193.96000000022 1.0
22 0.8217752626535999 250803.0100000003 1.0
23 0.8217752626535999 250803.0100000003 1.0
24 0.8272232176576526 243136.4900000001 1.0
25 0.8272232176576526 243136.4900000001 1.0
26 0.8272232176576526 243136.4900000001 1.0
27 0.8272232176576526 243136.4900000001 1.0
28 0.8272232176576526 243136.4900000001 1.0
29 0.8272232176576526 243136.4900000001 1.0
30 0.8284882072671971 241356.35999999993 1.0
31 0.8284882072671971 241356.35999999993 1.0
32 0.8284882072671971 241356.35999999993 1.0
33 0.829322918633816 240181.7299999997 1.0
34 0.8309914388841985 237833.74000000022 1.0
35 0.8309914388841985 237833.74000000022 1.0
36 0.8309914388841985 237833.74000000022 1.0
37 0.8320581807246077 236332.5900000001 1.0
38 0.8320581807246077 236332.5900000001 1.0
39 0.8320581807246077 236332.5900000001 1.0
40 0.8320581807246077 236332.5900000001 1.0
41 0.8320581807246077 236332.5900000001 1.0
42 0.8320581807246077 236332.5900000001 1.0
43 0.8320581807246077 236332.5900000001 1.0
44 0.833156580526573 234786.89000000022 1.0
45 0.833156580526573 234786.89000000022 1.0
46 0.833156580526573 234786.89000000022 1.0
47 0.833156580526573 234786.89000000022 1.0
48 0.833156580526573 234786.89000000022 1.0
49 0.833156580526573 234786.89000000022 1.0
50 0.833156580526573 234786.89000000022 1.0
51 0.833156580526573 234786.89000000022 1.0
52 0.833156580526573 234786.89000000022 1.0
53 0.833156580526573 234786.89000000022 1.0
54 0.833156580526573 234786.89000000022 1.0
55 0.833156580526573 234786.89000000022 1.0
56 0.833156580526573 234786.89000000022 1.0
57 0.8335947750364289 234170.24999999997 1.0
58 0.8335947750364289 234170.24999999997 1.0
59 0.8335947750364289 234170.24999999997 1.0
60 0.8335947750364289 234170.24999999997 1.0
61 0.8335947750364289 234170.24999999997 1.0
62 0.8335947750364289 234170.24999999997 1.0
63 0.8335947750364289 234170.24999999997 1.0
64 0.8335947750364289 234170.24999999997 1.0
65 0.8335947750364289 234170.24999999997 1.0
66 0.8335947750364289 234170.24999999997 1.0
67 0.8335947750364289 234170.24999999997 1.0
68 0.8335947750364289 234170.24999999997 1.0
69 0.8335947750364289 234170.24999999997 1.0
70 0.8335947750364289 234170.24999999997 1.0
71 0.8335947750364289 234170.24999999997 1.0
72 0.8335947750364289 234170.24999999997 1.0
73 0.8335947750364289 234170.24999999997 1.0
74 0.8335947750364289 234170.24999999997 1.0
75 0.8335947750364289 234170.24999999997 1.0
76 0.8335947750364289 234170.24999999997 1.0
77 0.8335947750364289 234170.24999999997 1.0
78 0.8335947750364289 234170.24999999997 1.0
79 0.8335947750364289 234170.24999999997 1.0
80 0.8335947750364289 234170.24999999997 1.0
81 0.8335947750364289 234170.24999999997 1.0
82 0.8335947750364289 234170.24999999997 1.0
83 0.8335947750364289 234170.24999999997 1.0
84 0.8335947750364289 234170.24999999997 1.0
85 0.8335947750364289 234170.24999999997 1.0
86 0.8335947750364289 234170.24999999997 1.0
87 0.8335947750364289 234170.24999999997 1.0
88 0.8335947750364289 234170.24999999997 1.0
89 0.8335947750364289 234170.24999999997 1.0
90 0.8335947750364289 234170.24999999997 1.0
91 0.8335947750364289 234170.24999999997 1.0
92 0.8335994935294644 234163.61 1.0
93 0.8335994935294644 234163.61 1.0
94 0.8335994935294644 234163.61 1.0
95 0.8335994935294644 234163.61 1.0
96 0.8335994935294644 234163.61 1.0
97 0.8335994935294644 234163.61 1.0
98 0.8335994935294644 234163.61 1.0
99 0.8335994935294644 234163.61 1.0
100 0.8335994935294644 234163.61 1.0
101 0.8335994935294644 234163.61 1.0
102 0.8335994935294644 234163.61 1.0
103 0.8335994935294644 234163.61 1.0
104 0.8335994935294644 234163.61 1.0
105 0.8335994935294644 234163.61 1.0
106 0.8335994935294644 234163.61 1.0
107 0.8335994935294644 234163.61 1.0
108 0.8335994935294644 234163.61 1.0
109 0.8335994935294644 234163.61 1.0
110 0.8335994935294644 234163.61 1.0
111 0.8335994935294644 234163.61 1.0
112 0.8335994935294644 234163.61 1.0
113 0.8335994935294644 234163.61 1.0
114 0.8335994935294644 234163.61 1.0
115 0.8335994935294644 234163.61 1.0
116 0.8335994935294644 234163.61 1.0
117 0.8335994935294644 234163.61 1.0
118 0.8335994935294644 234163.61 1.0
119 0.8335994935294644 234163.61 1.0
120 0.8336433883057907 234101.8399999999 1.0
121 0.8336433883057907 234101.8399999999 1.0
122 0.8338004913841488 233880.76000000013 1.0
123 0.8338004913841488 233880.76000000013 1.0
124 0.8338004913841488 233880.76000000013 1.0
125 0.8338004913841488 233880.76000000013 1.0
126 0.8340346039640529 233551.30999999997 1.0
127 0.8340346039640529 233551.30999999997 1.0
128 0.8340346039640529 233551.30999999997 1.0
129 0.8340346039640529 233551.30999999997 1.0
130 0.8340346039640529 233551.30999999997 1.0
131 0.8340346039640529 233551.30999999997 1.0
132 0.8340346039640529 233551.30999999997 1.0
133 0.8343494141447273 233108.3000000002 1.0
134 0.8344794498436091 232925.3100000003 1.0
135 0.8346614173905389 232669.24000000014 1.0
136 0.8346614173905389 232669.24000000014 1.0
137 0.8346614173905389 232669.24000000014 1.0
138 0.8349785726054031 232222.92999999988 1.0
139 0.8349785726054031 232222.92999999988 1.0
140 0.8349785726054031 232222.92999999988 1.0
141 0.8349785726054031 232222.92999999988 1.0
142 0.8349785726054031 232222.92999999988 1.0
143 0.8350465785968942 232127.22999999998 1.0
144 0.835537522163682 231436.35999999993 1.0
145 0.835537522163682 231436.35999999993 1.0
146 0.835537522163682 231436.35999999993 1.0
147 0.835537522163682 231436.35999999993 1.0
148 0.8357080914232186 231196.33000000007 1.0
149 0.8357080914232186 231196.33000000007 1.0
150 0.8357080914232186 231196.33000000007 1.0
151 0.8357080914232186 231196.33000000007 1.0
152 0.8357080914232186 231196.33000000007 1.0
153 0.8357080914232186 231196.33000000007 1.0
154 0.8357080914232186 231196.33000000007 1.0
155 0.8357080914232186 231196.33000000007 1.0
156 0.8357080914232186 231196.33000000007 1.0
157 0.8357080914232186 231196.33000000007 1.0
158 0.8364797142639795 230110.48000000007 1.0
159 0.8364797142639795 230110.48000000007 1.0
160 0.8364797142639795 230110.48000000007 1.0
161 0.8364797142639795 230110.48000000007 1.0
162 0.8371492641620256 229168.26999999996 1.0
163 0.8371492641620256 229168.26999999996 1.0
164 0.8371492641620256 229168.26999999996 1.0
165 0.8371492641620256 229168.26999999996 1.0
166 0.8371492641620256 229168.26999999996 1.0
167 0.8371492641620256 229168.26999999996 1.0
168 0.8371492641620256 229168.26999999996 1.0
169 0.8371492641620256 229168.26999999996 1.0
170 0.8374398352165794 228759.36999999997 1.0
171 0.837877958664793 228142.82999999996 1.0
172 0.8379735792104048 228008.27000000014 1.0
173 0.8379735792104048 228008.27000000014 1.0
174 0.838332362335212 227503.37999999998 1.0
175 0.838332362335212 227503.37999999998 1.0
176 0.838332362335212 227503.37999999998 1.0
177 0.838332362335212 227503.37999999998 1.0
178 0.838332362335212 227503.37999999998 1.0
179 0.838332362335212 227503.37999999998 1.0
180 0.838332362335212 227503.37999999998 1.0
181 0.838332362335212 227503.37999999998 1.0
182 0.838332362335212 227503.37999999998 1.0
183 0.838332362335212 227503.37999999998 1.0
184 0.838332362335212 227503.37999999998 1.0
185 0.838332362335212 227503.37999999998 1.0
186 0.838332362335212 227503.37999999998 1.0
187 0.838332362335212 227503.37999999998 1.0
188 0.8386373589031124 227074.17999999993 1.0
189 0.8386373589031124 227074.17999999993 1.0
190 0.8386373589031124 227074.17999999993 1.0
191 0.8386373589031124 227074.17999999993 1.0
192 0.8386373589031124 227074.17999999993 1.0
193 0.8386373589031124 227074.17999999993 1.0
194 0.8386373589031124 227074.17999999993 1.0
195 0.8386373589031124 227074.17999999993 1.0
196 0.8386373589031124 227074.17999999993 1.0
197 0.8386373589031124 227074.17999999993 1.0
198 0.8386373589031124 227074.17999999993 1.0
199 0.8386373589031124 227074.17999999993 1.0
200 0.8386373589031124 227074.17999999993 1.0
201 0.8386373589031124 227074.17999999993 1.0
202 0.8386373589031124 227074.17999999993 1.0
203 0.8386373589031124 227074.17999999993 1.0
204 0.8386373589031124 227074.17999999993 1.0
205 0.8386373589031124 227074.17999999993 1.0
206 0.8386373589031124 227074.17999999993 1.0
207 0.8386373589031124 227074.17999999993 1.0
208 0.8386373589031124 227074.17999999993 1.0
209 0.8386373589031124 227074.17999999993 1.0
210 0.8386373589031124 227074.17999999993 1.0
211 0.8386373589031124 227074.17999999993 1.0
212 0.8386373589031124 227074.17999999993 1.0
213 0.8386373589031124 227074.17999999993 1.0
214 0.8386373589031124 227074.17999999993 1.0
215 0.8386373589031124 227074.17999999993 1.0
216 0.8386373589031124 227074.17999999993 1.0
217 0.8386373589031124 227074.17999999993 1.0
218 0.8386373589031124 227074.17999999993 1.0
219 0.8386373589031124 227074.17999999993 1.0
220 0.8386373589031124 227074.17999999993 1.0
221 0.8386373589031124 227074.17999999993 1.0
222 0.8386373589031124 227074.17999999993 1.0
223 0.8386373589031124 227074.17999999993 1.0
224 0.8386373589031124 227074.17999999993 1.0
225 0.8386373589031124 227074.17999999993 1.0
226 0.8386373589031124 227074.17999999993 1.0
227 0.8386373589031124 227074.17999999993 1.0
228 0.8386373589031124 227074.17999999993 1.0
229 0.8386373589031124 227074.17999999993 1.0
230 0.8386373589031124 227074.17999999993 1.0
231 0.8386373589031124 227074.17999999993 1.0
232 0.8386373589031124 227074.17999999993 1.0
233 0.8386373589031124 227074.17999999993 1.0
234 0.8386373589031124 227074.17999999993 1.0
235 0.8386373589031124 227074.17999999993 1.0
236 0.8386373589031124 227074.17999999993 1.0
237 0.8386373589031124 227074.17999999993 1.0
238 0.8386373589031124 227074.17999999993 1.0
239 0.8386373589031124 227074.17999999993 1.0
240 0.8386373589031124 227074.17999999993 1.0
241 0.8386373589031124 227074.17999999993 1.0
242 0.8386373589031124 227074.17999999993 1.0
243 0.8386373589031124 227074.17999999993 1.0
244 0.8386373589031124 227074.17999999993 1.0
245 0.8386373589031124 227074.17999999993 1.0
246 0.8386373589031124 227074.17999999993 1.0
247 0.8386373589031124 227074.17999999993 1.0
248 0.8386373589031124 227074.17999999993 1.0
249 0.8386373589031124 227074.17999999993 1.0
250 0.8386373589031124 227074.17999999993 1.0
251 0.8386373589031124 227074.17999999993 1.0
