Iteration FitnessValue ScCosts FR
0 0.6806305320935413 982602.2499999997 0.9938650306748467
1 0.6806305320935413 982602.2499999997 0.9938650306748467
2 0.6806305320935413 982602.2499999997 0.9938650306748467
3 0.6806305320935413 982602.2499999997 0.9938650306748467
4 0.6806305320935413 982602.2499999997 0.9938650306748467
5 0.6806305320935413 982602.2499999997 0.9938650306748467
6 0.6806305320935413 982602.2499999997 0.9938650306748467
7 0.6806305320935413 982602.2499999997 0.9938650306748467
8 0.6821595248108949 977805.8699999999 0.9938650306748467
9 0.6821595248108949 977805.8699999999 0.9938650306748467
10 0.7222138148330867 852157.4 0.9938650306748467
11 0.7222138148330867 852157.4 0.9938650306748467
12 0.7222138148330867 852157.4 0.9938650306748467
13 0.7222138148330867 852157.4 0.9938650306748467
14 0.7222138148330867 852157.4 0.9938650306748467
15 0.7222138148330867 852157.4 0.9938650306748467
16 0.7222138148330867 852157.4 0.9938650306748467
17 0.7234053591975406 848419.5800000001 0.9938650306748467
18 0.7234053591975406 848419.5800000001 0.9938650306748467
19 0.7260488470172412 840127.0800000003 0.9938650306748467
20 0.7274276016430005 835801.9899999999 0.9938650306748467
21 0.7281286287915596 833602.8999999997 0.9938650306748467
22 0.7285625082648043 832241.8399999999 0.9938650306748467
23 0.7332461343079931 817549.5200000003 0.9938650306748467
24 0.7372647713452843 804943.24 0.9938650306748467
25 0.739359669693906 798371.6399999999 0.9938650306748467
26 0.7394527313036986 798079.71 0.9938650306748467
27 0.7394527313036986 798079.71 0.9938650306748467
28 0.7415302337969906 791562.6799999999 0.9938650306748467
29 0.7418179396308207 790660.1599999999 0.9938650306748467
30 0.7434250559007791 785618.7099999998 0.9938650306748467
31 0.7434250559007791 785618.7099999998 0.9938650306748467
32 0.7436695510292778 784851.7399999999 0.9938650306748467
33 0.7446400625146787 781807.29 0.9938650306748467
34 0.7446400625146787 781807.29 0.9938650306748467
35 0.7446400625146787 781807.29 0.9938650306748467
36 0.7446400625146787 781807.29 0.9938650306748467
37 0.7446400625146787 781807.29 0.9938650306748467
38 0.7456039624912006 778783.5799999998 0.9938650306748467
39 0.7456039624912006 778783.5799999998 0.9938650306748467
40 0.7491695581555975 767598.4700000004 0.9938650306748467
41 0.7491695581555975 767598.4700000004 0.9938650306748467
42 0.7491695581555975 767598.4700000004 0.9938650306748467
43 0.7491695581555975 767598.4700000004 0.9938650306748467
44 0.7491695581555975 767598.4700000004 0.9938650306748467
45 0.7491695581555975 767598.4700000004 0.9938650306748467
46 0.7491695581555975 767598.4700000004 0.9938650306748467
47 0.7491695581555975 767598.4700000004 0.9938650306748467
48 0.7491695581555975 767598.4700000004 0.9938650306748467
49 0.7491695581555975 767598.4700000004 0.9938650306748467
50 0.7491695581555975 767598.4700000004 0.9938650306748467
51 0.7491695581555975 767598.4700000004 0.9938650306748467
52 0.7491695581555975 767598.4700000004 0.9938650306748467
53 0.7491695581555975 767598.4700000004 0.9938650306748467
54 0.7491695581555975 767598.4700000004 0.9938650306748467
55 0.7491695581555975 767598.4700000004 0.9938650306748467
56 0.7491695581555975 767598.4700000004 0.9938650306748467
57 0.7491695581555975 767598.4700000004 0.9938650306748467
58 0.7491695581555975 767598.4700000004 0.9938650306748467
59 0.7491695581555975 767598.4700000004 0.9938650306748467
60 0.7491695581555975 767598.4700000004 0.9938650306748467
61 0.7491695581555975 767598.4700000004 0.9938650306748467
62 0.7491695581555975 767598.4700000004 0.9938650306748467
63 0.7491695581555975 767598.4700000004 0.9938650306748467
64 0.7491695581555975 767598.4700000004 0.9938650306748467
65 0.7491695581555975 767598.4700000004 0.9938650306748467
66 0.7491695581555975 767598.4700000004 0.9938650306748467
67 0.7491695581555975 767598.4700000004 0.9938650306748467
68 0.7491695581555975 767598.4700000004 0.9938650306748467
69 0.7491695581555975 767598.4700000004 0.9938650306748467
70 0.7491695581555975 767598.4700000004 0.9938650306748467
71 0.7491695581555975 767598.4700000004 0.9938650306748467
72 0.7491695581555975 767598.4700000004 0.9938650306748467
73 0.7491695581555975 767598.4700000004 0.9938650306748467
74 0.7491695581555975 767598.4700000004 0.9938650306748467
75 0.7491695581555975 767598.4700000004 0.9938650306748467
76 0.749685096457892 765981.2499999998 0.9938650306748467
77 0.749685096457892 765981.2499999998 0.9938650306748467
78 0.749685096457892 765981.2499999998 0.9938650306748467
79 0.749685096457892 765981.2499999998 0.9938650306748467
80 0.7501071172941886 764657.3899999999 0.9938650306748467
81 0.7501071172941886 764657.3899999999 0.9938650306748467
82 0.7501071172941886 764657.3899999999 0.9938650306748467
83 0.7501071172941886 764657.3899999999 0.9938650306748467
84 0.7503331582158881 763948.3099999999 0.9938650306748467
85 0.7503331582158881 763948.3099999999 0.9938650306748467
86 0.7503331582158881 763948.3099999999 0.9938650306748467
87 0.7503331582158881 763948.3099999999 0.9938650306748467
88 0.7503331582158881 763948.3099999999 0.9938650306748467
89 0.7503331582158881 763948.3099999999 0.9938650306748467
90 0.7503331582158881 763948.3099999999 0.9938650306748467
91 0.7503331582158881 763948.3099999999 0.9938650306748467
92 0.7503331582158881 763948.3099999999 0.9938650306748467
93 0.7503331582158881 763948.3099999999 0.9938650306748467
94 0.7503331582158881 763948.3099999999 0.9938650306748467
95 0.7503331582158881 763948.3099999999 0.9938650306748467
96 0.7503331582158881 763948.3099999999 0.9938650306748467
97 0.7503331582158881 763948.3099999999 0.9938650306748467
98 0.7503331582158881 763948.3099999999 0.9938650306748467
99 0.7503331582158881 763948.3099999999 0.9938650306748467
100 0.7503331582158881 763948.3099999999 0.9938650306748467
101 0.7503331582158881 763948.3099999999 0.9938650306748467
102 0.7503331582158881 763948.3099999999 0.9938650306748467
103 0.7503331582158881 763948.3099999999 0.9938650306748467
104 0.7503331582158881 763948.3099999999 0.9938650306748467
105 0.7503331582158881 763948.3099999999 0.9938650306748467
106 0.7503331582158881 763948.3099999999 0.9938650306748467
107 0.7503331582158881 763948.3099999999 0.9938650306748467
108 0.7503331582158881 763948.3099999999 0.9938650306748467
109 0.7503331582158881 763948.3099999999 0.9938650306748467
110 0.7503331582158881 763948.3099999999 0.9938650306748467
111 0.7503331582158881 763948.3099999999 0.9938650306748467
112 0.7503331582158881 763948.3099999999 0.9938650306748467
113 0.7503331582158881 763948.3099999999 0.9938650306748467
114 0.7503331582158881 763948.3099999999 0.9938650306748467
115 0.7503331582158881 763948.3099999999 0.9938650306748467
116 0.7503331582158881 763948.3099999999 0.9938650306748467
117 0.7503331582158881 763948.3099999999 0.9938650306748467
118 0.7503331582158881 763948.3099999999 0.9938650306748467
119 0.7503331582158881 763948.3099999999 0.9938650306748467
120 0.7503331582158881 763948.3099999999 0.9938650306748467
121 0.7503331582158881 763948.3099999999 0.9938650306748467
122 0.7503331582158881 763948.3099999999 0.9938650306748467
123 0.7503331582158881 763948.3099999999 0.9938650306748467
124 0.7503331582158881 763948.3099999999 0.9938650306748467
125 0.7503331582158881 763948.3099999999 0.9938650306748467
126 0.7503331582158881 763948.3099999999 0.9938650306748467
127 0.7503331582158881 763948.3099999999 0.9938650306748467
128 0.7503331582158881 763948.3099999999 0.9938650306748467
129 0.7503331582158881 763948.3099999999 0.9938650306748467
130 0.7503331582158881 763948.3099999999 0.9938650306748467
131 0.7503331582158881 763948.3099999999 0.9938650306748467
132 0.7503331582158881 763948.3099999999 0.9938650306748467
133 0.7503331582158881 763948.3099999999 0.9938650306748467
134 0.7503331582158881 763948.3099999999 0.9938650306748467
135 0.7503331582158881 763948.3099999999 0.9938650306748467
136 0.7503331582158881 763948.3099999999 0.9938650306748467
137 0.7503331582158881 763948.3099999999 0.9938650306748467
138 0.7503331582158881 763948.3099999999 0.9938650306748467
139 0.7503331582158881 763948.3099999999 0.9938650306748467
140 0.7503331582158881 763948.3099999999 0.9938650306748467
141 0.7503331582158881 763948.3099999999 0.9938650306748467
142 0.7503331582158881 763948.3099999999 0.9938650306748467
143 0.7503331582158881 763948.3099999999 0.9938650306748467
144 0.7503331582158881 763948.3099999999 0.9938650306748467
145 0.7503331582158881 763948.3099999999 0.9938650306748467
146 0.7503331582158881 763948.3099999999 0.9938650306748467
147 0.7503331582158881 763948.3099999999 0.9938650306748467
148 0.7503331582158881 763948.3099999999 0.9938650306748467
149 0.7503331582158881 763948.3099999999 0.9938650306748467
150 0.7503331582158881 763948.3099999999 0.9938650306748467
151 0.7503331582158881 763948.3099999999 0.9938650306748467
152 0.7503331582158881 763948.3099999999 0.9938650306748467
153 0.7503331582158881 763948.3099999999 0.9938650306748467
154 0.7503331582158881 763948.3099999999 0.9938650306748467
155 0.7503331582158881 763948.3099999999 0.9938650306748467
156 0.7503331582158881 763948.3099999999 0.9938650306748467
157 0.7503331582158881 763948.3099999999 0.9938650306748467
158 0.7503331582158881 763948.3099999999 0.9938650306748467
159 0.7503331582158881 763948.3099999999 0.9938650306748467
160 0.7503331582158881 763948.3099999999 0.9938650306748467
161 0.7503331582158881 763948.3099999999 0.9938650306748467
162 0.7503331582158881 763948.3099999999 0.9938650306748467
163 0.7503331582158881 763948.3099999999 0.9938650306748467
164 0.7503331582158881 763948.3099999999 0.9938650306748467
165 0.7503331582158881 763948.3099999999 0.9938650306748467
166 0.7503331582158881 763948.3099999999 0.9938650306748467
167 0.7503331582158881 763948.3099999999 0.9938650306748467
168 0.7503331582158881 763948.3099999999 0.9938650306748467
169 0.7503331582158881 763948.3099999999 0.9938650306748467
170 0.7503331582158881 763948.3099999999 0.9938650306748467
171 0.7503331582158881 763948.3099999999 0.9938650306748467
172 0.7503331582158881 763948.3099999999 0.9938650306748467
173 0.7503331582158881 763948.3099999999 0.9938650306748467
174 0.7503331582158881 763948.3099999999 0.9938650306748467
175 0.7503331582158881 763948.3099999999 0.9938650306748467
176 0.7503331582158881 763948.3099999999 0.9938650306748467
177 0.7503331582158881 763948.3099999999 0.9938650306748467
178 0.7503331582158881 763948.3099999999 0.9938650306748467
179 0.7503331582158881 763948.3099999999 0.9938650306748467
180 0.7503331582158881 763948.3099999999 0.9938650306748467
181 0.7503331582158881 763948.3099999999 0.9938650306748467
182 0.7503331582158881 763948.3099999999 0.9938650306748467
183 0.7503331582158881 763948.3099999999 0.9938650306748467
184 0.7503331582158881 763948.3099999999 0.9938650306748467
185 0.7503331582158881 763948.3099999999 0.9938650306748467
186 0.7503331582158881 763948.3099999999 0.9938650306748467
187 0.7503331582158881 763948.3099999999 0.9938650306748467
188 0.7503331582158881 763948.3099999999 0.9938650306748467
189 0.7503331582158881 763948.3099999999 0.9938650306748467
190 0.7503331582158881 763948.3099999999 0.9938650306748467
191 0.7503331582158881 763948.3099999999 0.9938650306748467
192 0.7503331582158881 763948.3099999999 0.9938650306748467
193 0.7503331582158881 763948.3099999999 0.9938650306748467
194 0.7503331582158881 763948.3099999999 0.9938650306748467
195 0.7503331582158881 763948.3099999999 0.9938650306748467
196 0.7503331582158881 763948.3099999999 0.9938650306748467
197 0.7503331582158881 763948.3099999999 0.9938650306748467
198 0.7503331582158881 763948.3099999999 0.9938650306748467
199 0.7503331582158881 763948.3099999999 0.9938650306748467
200 0.7503331582158881 763948.3099999999 0.9938650306748467
201 0.7503331582158881 763948.3099999999 0.9938650306748467
202 0.7503331582158881 763948.3099999999 0.9938650306748467
203 0.7503331582158881 763948.3099999999 0.9938650306748467
204 0.7503331582158881 763948.3099999999 0.9938650306748467
205 0.7503331582158881 763948.3099999999 0.9938650306748467
206 0.7503331582158881 763948.3099999999 0.9938650306748467
207 0.7503331582158881 763948.3099999999 0.9938650306748467
208 0.7503331582158881 763948.3099999999 0.9938650306748467
209 0.7503331582158881 763948.3099999999 0.9938650306748467
210 0.7503331582158881 763948.3099999999 0.9938650306748467
211 0.7503331582158881 763948.3099999999 0.9938650306748467
212 0.7503331582158881 763948.3099999999 0.9938650306748467
213 0.7503331582158881 763948.3099999999 0.9938650306748467
214 0.7503331582158881 763948.3099999999 0.9938650306748467
215 0.7503331582158881 763948.3099999999 0.9938650306748467
216 0.7503331582158881 763948.3099999999 0.9938650306748467
217 0.7503331582158881 763948.3099999999 0.9938650306748467
218 0.7503331582158881 763948.3099999999 0.9938650306748467
219 0.7503331582158881 763948.3099999999 0.9938650306748467
220 0.7503331582158881 763948.3099999999 0.9938650306748467
221 0.7503331582158881 763948.3099999999 0.9938650306748467
222 0.7503331582158881 763948.3099999999 0.9938650306748467
223 0.7503331582158881 763948.3099999999 0.9938650306748467
224 0.7503331582158881 763948.3099999999 0.9938650306748467
225 0.7503331582158881 763948.3099999999 0.9938650306748467
226 0.7503331582158881 763948.3099999999 0.9938650306748467
227 0.7503331582158881 763948.3099999999 0.9938650306748467
228 0.7503331582158881 763948.3099999999 0.9938650306748467
229 0.7503331582158881 763948.3099999999 0.9938650306748467
230 0.7503331582158881 763948.3099999999 0.9938650306748467
231 0.7503331582158881 763948.3099999999 0.9938650306748467
232 0.7503331582158881 763948.3099999999 0.9938650306748467
233 0.7503331582158881 763948.3099999999 0.9938650306748467
234 0.7503331582158881 763948.3099999999 0.9938650306748467
235 0.7503331582158881 763948.3099999999 0.9938650306748467
236 0.7503331582158881 763948.3099999999 0.9938650306748467
237 0.7503331582158881 763948.3099999999 0.9938650306748467
238 0.7503331582158881 763948.3099999999 0.9938650306748467
239 0.7503331582158881 763948.3099999999 0.9938650306748467
240 0.7503331582158881 763948.3099999999 0.9938650306748467
241 0.7503331582158881 763948.3099999999 0.9938650306748467
242 0.7503331582158881 763948.3099999999 0.9938650306748467
243 0.7503331582158881 763948.3099999999 0.9938650306748467
244 0.7503331582158881 763948.3099999999 0.9938650306748467
245 0.7503331582158881 763948.3099999999 0.9938650306748467
246 0.7503331582158881 763948.3099999999 0.9938650306748467
247 0.7503331582158881 763948.3099999999 0.9938650306748467
248 0.7503331582158881 763948.3099999999 0.9938650306748467
249 0.7503331582158881 763948.3099999999 0.9938650306748467
250 0.7503331582158881 763948.3099999999 0.9938650306748467
251 0.7503331582158881 763948.3099999999 0.9938650306748467
