Iteration FitnessValue ScCosts FR
0 0.7483334323951378 469992.60000000015 1.0
1 0.7483334323951378 469992.60000000015 1.0
2 0.7483334323951378 469992.60000000015 1.0
3 0.7483334323951378 469992.60000000015 1.0
4 0.7483334323951378 469992.60000000015 1.0
5 0.7483334323951378 469992.60000000015 1.0
6 0.7483334323951378 469992.60000000015 1.0
7 0.7483334323951378 469992.60000000015 1.0
8 0.7483334323951378 469992.60000000015 1.0
9 0.7483334323951378 469992.60000000015 1.0
10 0.7483334323951378 469992.60000000015 1.0
11 0.7483334323951378 469992.60000000015 1.0
12 0.7483334323951378 469992.60000000015 1.0
13 0.7483334323951378 469992.60000000015 1.0
14 0.7483334323951378 469992.60000000015 1.0
15 0.7483334323951378 469992.60000000015 1.0
16 0.7483334323951378 469992.60000000015 1.0
17 0.7483334323951378 469992.60000000015 1.0
18 0.7483334323951378 469992.60000000015 1.0
19 0.7483334323951378 469992.60000000015 1.0
20 0.7483334323951378 469992.60000000015 1.0
21 0.7483334323951378 469992.60000000015 1.0
22 0.7483334323951378 469992.60000000015 1.0
23 0.7483334323951378 469992.60000000015 1.0
24 0.7483334323951378 469992.60000000015 1.0
25 0.7483334323951378 469992.60000000015 1.0
26 0.7483334323951378 469992.60000000015 1.0
27 0.7483334323951378 469992.60000000015 1.0
28 0.7483334323951378 469992.60000000015 1.0
29 0.7483334323951378 469992.60000000015 1.0
30 0.7483334323951378 469992.60000000015 1.0
31 0.7483334323951378 469992.60000000015 1.0
32 0.7483334323951378 469992.60000000015 1.0
33 0.7483334323951378 469992.60000000015 1.0
34 0.7483334323951378 469992.60000000015 1.0
35 0.7483334323951378 469992.60000000015 1.0
36 0.7483334323951378 469992.60000000015 1.0
37 0.7483334323951378 469992.60000000015 1.0
38 0.760186098417476 408422.3999999998 0.972972972972973
39 0.760186098417476 408422.3999999998 0.972972972972973
40 0.760186098417476 408422.3999999998 0.972972972972973
41 0.760186098417476 408422.3999999998 0.972972972972973
42 0.760186098417476 408422.3999999998 0.972972972972973
43 0.760186098417476 408422.3999999998 0.972972972972973
44 0.760186098417476 408422.3999999998 0.972972972972973
45 0.760186098417476 408422.3999999998 0.972972972972973
46 0.760186098417476 408422.3999999998 0.972972972972973
47 0.7654565047982311 398306.4000000001 0.972972972972973
48 0.7654565047982311 398306.4000000001 0.972972972972973
49 0.7654565047982311 398306.4000000001 0.972972972972973
50 0.7654565047982311 398306.4000000001 0.972972972972973
51 0.7654565047982311 398306.4000000001 0.972972972972973
52 0.7654565047982311 398306.4000000001 0.972972972972973
53 0.7654565047982311 398306.4000000001 0.972972972972973
54 0.7654565047982311 398306.4000000001 0.972972972972973
55 0.7723396055157787 385095.00000000006 0.972972972972973
56 0.7723396055157787 385095.00000000006 0.972972972972973
57 0.7723396055157787 385095.00000000006 0.972972972972973
58 0.7723396055157787 385095.00000000006 0.972972972972973
59 0.7723396055157787 385095.00000000006 0.972972972972973
60 0.7723396055157787 385095.00000000006 0.972972972972973
61 0.7723396055157787 385095.00000000006 0.972972972972973
62 0.7723396055157787 385095.00000000006 0.972972972972973
63 0.7723396055157787 385095.00000000006 0.972972972972973
64 0.7723396055157787 385095.00000000006 0.972972972972973
65 0.7723396055157787 385095.00000000006 0.972972972972973
66 0.7723396055157787 385095.00000000006 0.972972972972973
67 0.7723396055157787 385095.00000000006 0.972972972972973
68 0.7723396055157787 385095.00000000006 0.972972972972973
69 0.7723396055157787 385095.00000000006 0.972972972972973
70 0.7723396055157787 385095.00000000006 0.972972972972973
71 0.7723396055157787 385095.00000000006 0.972972972972973
72 0.7723396055157787 385095.00000000006 0.972972972972973
73 0.7723396055157787 385095.00000000006 0.972972972972973
74 0.7723396055157787 385095.00000000006 0.972972972972973
75 0.7723396055157787 385095.00000000006 0.972972972972973
76 0.7723396055157787 385095.00000000006 0.972972972972973
77 0.7723396055157787 385095.00000000006 0.972972972972973
78 0.7723396055157787 385095.00000000006 0.972972972972973
79 0.7723396055157787 385095.00000000006 0.972972972972973
80 0.7723396055157787 385095.00000000006 0.972972972972973
81 0.7723396055157787 385095.00000000006 0.972972972972973
82 0.7723396055157787 385095.00000000006 0.972972972972973
83 0.7723396055157787 385095.00000000006 0.972972972972973
84 0.7723396055157787 385095.00000000006 0.972972972972973
85 0.7723396055157787 385095.00000000006 0.972972972972973
86 0.7723396055157787 385095.00000000006 0.972972972972973
87 0.7723396055157787 385095.00000000006 0.972972972972973
88 0.7723396055157787 385095.00000000006 0.972972972972973
89 0.7723396055157787 385095.00000000006 0.972972972972973
90 0.7723396055157787 385095.00000000006 0.972972972972973
91 0.7723396055157787 385095.00000000006 0.972972972972973
92 0.7723396055157787 385095.00000000006 0.972972972972973
93 0.7723396055157787 385095.00000000006 0.972972972972973
94 0.7723396055157787 385095.00000000006 0.972972972972973
95 0.7723396055157787 385095.00000000006 0.972972972972973
96 0.7723396055157787 385095.00000000006 0.972972972972973
97 0.7723396055157787 385095.00000000006 0.972972972972973
98 0.7723396055157787 385095.00000000006 0.972972972972973
99 0.7723396055157787 385095.00000000006 0.972972972972973
100 0.7723396055157787 385095.00000000006 0.972972972972973
101 0.7723396055157787 385095.00000000006 0.972972972972973
102 0.7723396055157787 385095.00000000006 0.972972972972973
103 0.7723396055157787 385095.00000000006 0.972972972972973
104 0.7723396055157787 385095.00000000006 0.972972972972973
105 0.7723396055157787 385095.00000000006 0.972972972972973
106 0.7723396055157787 385095.00000000006 0.972972972972973
107 0.7723396055157787 385095.00000000006 0.972972972972973
108 0.7723396055157787 385095.00000000006 0.972972972972973
109 0.7723396055157787 385095.00000000006 0.972972972972973
110 0.7723396055157787 385095.00000000006 0.972972972972973
111 0.7723396055157787 385095.00000000006 0.972972972972973
112 0.7723396055157787 385095.00000000006 0.972972972972973
113 0.7723396055157787 385095.00000000006 0.972972972972973
114 0.7723396055157787 385095.00000000006 0.972972972972973
115 0.7723396055157787 385095.00000000006 0.972972972972973
116 0.7723396055157787 385095.00000000006 0.972972972972973
117 0.7723396055157787 385095.00000000006 0.972972972972973
118 0.7723396055157787 385095.00000000006 0.972972972972973
119 0.7723396055157787 385095.00000000006 0.972972972972973
120 0.7723396055157787 385095.00000000006 0.972972972972973
121 0.7723396055157787 385095.00000000006 0.972972972972973
122 0.7723396055157787 385095.00000000006 0.972972972972973
123 0.7723396055157787 385095.00000000006 0.972972972972973
124 0.7731442333938372 383550.59999999986 0.972972972972973
125 0.7731442333938372 383550.59999999986 0.972972972972973
126 0.7731442333938372 383550.59999999986 0.972972972972973
127 0.7797356799504568 370899.00000000006 0.972972972972973
128 0.7797356799504568 370899.00000000006 0.972972972972973
129 0.7797356799504568 370899.00000000006 0.972972972972973
130 0.7797356799504568 370899.00000000006 0.972972972972973
131 0.7797356799504568 370899.00000000006 0.972972972972973
132 0.7797356799504568 370899.00000000006 0.972972972972973
133 0.7797356799504568 370899.00000000006 0.972972972972973
134 0.7797356799504568 370899.00000000006 0.972972972972973
135 0.7797356799504568 370899.00000000006 0.972972972972973
136 0.7797356799504568 370899.00000000006 0.972972972972973
137 0.7797356799504568 370899.00000000006 0.972972972972973
138 0.7797356799504568 370899.00000000006 0.972972972972973
139 0.7797356799504568 370899.00000000006 0.972972972972973
140 0.7797356799504568 370899.00000000006 0.972972972972973
141 0.7797356799504568 370899.00000000006 0.972972972972973
142 0.7797356799504568 370899.00000000006 0.972972972972973
143 0.7797356799504568 370899.00000000006 0.972972972972973
144 0.7797356799504568 370899.00000000006 0.972972972972973
145 0.7797356799504568 370899.00000000006 0.972972972972973
146 0.7797356799504568 370899.00000000006 0.972972972972973
147 0.7797356799504568 370899.00000000006 0.972972972972973
148 0.7797356799504568 370899.00000000006 0.972972972972973
149 0.7797356799504568 370899.00000000006 0.972972972972973
150 0.7797356799504568 370899.00000000006 0.972972972972973
151 0.7797356799504568 370899.00000000006 0.972972972972973
152 0.7797356799504568 370899.00000000006 0.972972972972973
153 0.7797356799504568 370899.00000000006 0.972972972972973
154 0.7797356799504568 370899.00000000006 0.972972972972973
155 0.7797356799504568 370899.00000000006 0.972972972972973
156 0.7797356799504568 370899.00000000006 0.972972972972973
157 0.7797356799504568 370899.00000000006 0.972972972972973
158 0.7797356799504568 370899.00000000006 0.972972972972973
159 0.7797356799504568 370899.00000000006 0.972972972972973
160 0.7797356799504568 370899.00000000006 0.972972972972973
161 0.7797356799504568 370899.00000000006 0.972972972972973
162 0.7797356799504568 370899.00000000006 0.972972972972973
163 0.7797356799504568 370899.00000000006 0.972972972972973
164 0.7797356799504568 370899.00000000006 0.972972972972973
165 0.7797356799504568 370899.00000000006 0.972972972972973
166 0.7797356799504568 370899.00000000006 0.972972972972973
167 0.7797356799504568 370899.00000000006 0.972972972972973
168 0.7797356799504568 370899.00000000006 0.972972972972973
169 0.7797356799504568 370899.00000000006 0.972972972972973
170 0.7797356799504568 370899.00000000006 0.972972972972973
171 0.7797356799504568 370899.00000000006 0.972972972972973
172 0.7797356799504568 370899.00000000006 0.972972972972973
173 0.7797356799504568 370899.00000000006 0.972972972972973
174 0.7797356799504568 370899.00000000006 0.972972972972973
175 0.7797356799504568 370899.00000000006 0.972972972972973
176 0.7797356799504568 370899.00000000006 0.972972972972973
177 0.7797356799504568 370899.00000000006 0.972972972972973
178 0.7797356799504568 370899.00000000006 0.972972972972973
179 0.7797356799504568 370899.00000000006 0.972972972972973
180 0.7797356799504568 370899.00000000006 0.972972972972973
181 0.7797356799504568 370899.00000000006 0.972972972972973
182 0.7797356799504568 370899.00000000006 0.972972972972973
183 0.7797356799504568 370899.00000000006 0.972972972972973
184 0.7797356799504568 370899.00000000006 0.972972972972973
185 0.7797356799504568 370899.00000000006 0.972972972972973
186 0.7797356799504568 370899.00000000006 0.972972972972973
187 0.7797356799504568 370899.00000000006 0.972972972972973
188 0.7797356799504568 370899.00000000006 0.972972972972973
189 0.781532807250751 367449.60000000027 0.972972972972973
190 0.781532807250751 367449.60000000027 0.972972972972973
191 0.781532807250751 367449.60000000027 0.972972972972973
192 0.781532807250751 367449.60000000027 0.972972972972973
193 0.781532807250751 367449.60000000027 0.972972972972973
194 0.781532807250751 367449.60000000027 0.972972972972973
195 0.781532807250751 367449.60000000027 0.972972972972973
196 0.781532807250751 367449.60000000027 0.972972972972973
197 0.781532807250751 367449.60000000027 0.972972972972973
198 0.781532807250751 367449.60000000027 0.972972972972973
199 0.781532807250751 367449.60000000027 0.972972972972973
200 0.781532807250751 367449.60000000027 0.972972972972973
201 0.781532807250751 367449.60000000027 0.972972972972973
202 0.781532807250751 367449.60000000027 0.972972972972973
203 0.781532807250751 367449.60000000027 0.972972972972973
204 0.781532807250751 367449.60000000027 0.972972972972973
205 0.781532807250751 367449.60000000027 0.972972972972973
206 0.781532807250751 367449.60000000027 0.972972972972973
207 0.781532807250751 367449.60000000027 0.972972972972973
208 0.781532807250751 367449.60000000027 0.972972972972973
209 0.781532807250751 367449.60000000027 0.972972972972973
210 0.781532807250751 367449.60000000027 0.972972972972973
211 0.781532807250751 367449.60000000027 0.972972972972973
212 0.781532807250751 367449.60000000027 0.972972972972973
213 0.781532807250751 367449.60000000027 0.972972972972973
214 0.781532807250751 367449.60000000027 0.972972972972973
215 0.781532807250751 367449.60000000027 0.972972972972973
216 0.781532807250751 367449.60000000027 0.972972972972973
217 0.781532807250751 367449.60000000027 0.972972972972973
218 0.781532807250751 367449.60000000027 0.972972972972973
219 0.781532807250751 367449.60000000027 0.972972972972973
220 0.781532807250751 367449.60000000027 0.972972972972973
221 0.781532807250751 367449.60000000027 0.972972972972973
222 0.781532807250751 367449.60000000027 0.972972972972973
223 0.781532807250751 367449.60000000027 0.972972972972973
224 0.781532807250751 367449.60000000027 0.972972972972973
225 0.781532807250751 367449.60000000027 0.972972972972973
226 0.781532807250751 367449.60000000027 0.972972972972973
227 0.781532807250751 367449.60000000027 0.972972972972973
228 0.781532807250751 367449.60000000027 0.972972972972973
229 0.781532807250751 367449.60000000027 0.972972972972973
230 0.781532807250751 367449.60000000027 0.972972972972973
231 0.781532807250751 367449.60000000027 0.972972972972973
232 0.781532807250751 367449.60000000027 0.972972972972973
233 0.781532807250751 367449.60000000027 0.972972972972973
234 0.781532807250751 367449.60000000027 0.972972972972973
235 0.781532807250751 367449.60000000027 0.972972972972973
236 0.781532807250751 367449.60000000027 0.972972972972973
237 0.781532807250751 367449.60000000027 0.972972972972973
238 0.781532807250751 367449.60000000027 0.972972972972973
239 0.781532807250751 367449.60000000027 0.972972972972973
240 0.781532807250751 367449.60000000027 0.972972972972973
241 0.781532807250751 367449.60000000027 0.972972972972973
242 0.781532807250751 367449.60000000027 0.972972972972973
243 0.781532807250751 367449.60000000027 0.972972972972973
244 0.781532807250751 367449.60000000027 0.972972972972973
245 0.781532807250751 367449.60000000027 0.972972972972973
246 0.781532807250751 367449.60000000027 0.972972972972973
247 0.781532807250751 367449.60000000027 0.972972972972973
248 0.781532807250751 367449.60000000027 0.972972972972973
249 0.781532807250751 367449.60000000027 0.972972972972973
250 0.781532807250751 367449.60000000027 0.972972972972973
251 0.781532807250751 367449.60000000027 0.972972972972973
