Iteration FitnessValue ScCosts FR
0 0.7068494312541884 1092512.3699999999 0.9918032786885246
1 0.7068494312541884 1092512.3699999999 0.9918032786885246
2 0.7068494312541884 1092512.3699999999 0.9918032786885246
3 0.7068494312541884 1092512.3699999999 0.9918032786885246
4 0.7068494312541884 1092512.3699999999 0.9918032786885246
5 0.717342916953512 1074823.7400000002 1.0
6 0.717342916953512 1074823.7400000002 1.0
7 0.724371007122215 1025334.6900000002 0.9918032786885246
8 0.724371007122215 1025334.6900000002 0.9918032786885246
9 0.724371007122215 1025334.6900000002 0.9918032786885246
10 0.724371007122215 1025334.6900000002 0.9918032786885246
11 0.724371007122215 1025334.6900000002 0.9918032786885246
12 0.7305206918665617 1024714.3100000002 1.0
13 0.7305206918665617 1024714.3100000002 1.0
14 0.7305206918665617 1024714.3100000002 1.0
15 0.7370770557316325 976619.7299999996 0.9918032786885246
16 0.7530999076046279 938855.2299999997 1.0
17 0.7554709268575472 929839.2599999993 1.0
18 0.7689911095423483 878427.7999999993 1.0
19 0.7689911095423483 878427.7999999993 1.0
20 0.7689911095423483 878427.7999999993 1.0
21 0.7689911095423483 878427.7999999993 1.0
22 0.7689911095423483 878427.7999999993 1.0
23 0.7689911095423483 878427.7999999993 1.0
24 0.7689911095423483 878427.7999999993 1.0
25 0.7717025676663835 843865.6000000001 0.9918032786885246
26 0.7717025676663835 843865.6000000001 0.9918032786885246
27 0.7717025676663835 843865.6000000001 0.9918032786885246
28 0.7851295400429023 792386.6200000002 0.9918032786885246
29 0.7851295400429023 792386.6200000002 0.9918032786885246
30 0.7851295400429023 792386.6200000002 0.9918032786885246
31 0.7851295400429023 792386.6200000002 0.9918032786885246
32 0.7851295400429023 792386.6200000002 0.9918032786885246
33 0.7878414853696108 806747.8999999996 1.0
34 0.79798242315713 768186.26 1.0
35 0.79798242315713 768186.26 1.0
36 0.8123686645305332 713481.5500000002 1.0
37 0.8123686645305332 713481.5500000002 1.0
38 0.8123686645305332 713481.5500000002 1.0
39 0.8123686645305332 713481.5500000002 1.0
40 0.8142608288696432 706286.4600000004 1.0
41 0.8174153739411318 668602.8099999995 0.9918032786885246
42 0.8174153739411318 668602.8099999995 0.9918032786885246
43 0.8174153739411318 668602.8099999995 0.9918032786885246
44 0.8267323632634486 658862.5599999998 1.0
45 0.8267323632634486 658862.5599999998 1.0
46 0.8276340996645534 629424.2400000001 0.9918032786885246
47 0.8290399169206879 624034.3399999999 0.9918032786885246
48 0.8290399169206879 624034.3399999999 0.9918032786885246
49 0.8290399169206879 624034.3399999999 0.9918032786885246
50 0.8290399169206879 624034.3399999999 0.9918032786885246
51 0.8290399169206879 624034.3399999999 0.9918032786885246
52 0.8290399169206879 624034.3399999999 0.9918032786885246
53 0.8290399169206879 624034.3399999999 0.9918032786885246
54 0.8309433583785341 616736.55 0.9918032786885246
55 0.8313418171558814 615208.86 0.9918032786885246
56 0.8313418171558814 615208.86 0.9918032786885246
57 0.8313418171558814 615208.86 0.9918032786885246
58 0.8313418171558814 615208.86 0.9918032786885246
59 0.8313418171558814 615208.86 0.9918032786885246
60 0.8330352741322774 608716.1499999998 0.9918032786885246
61 0.8330352741322774 608716.1499999998 0.9918032786885246
62 0.8332235815005794 607994.1799999999 0.9918032786885246
63 0.8361203230038271 596888.0799999998 0.9918032786885246
64 0.8361203230038271 596888.0799999998 0.9918032786885246
65 0.8361203230038271 596888.0799999998 0.9918032786885246
66 0.8361771201180027 596670.3200000001 0.9918032786885246
67 0.8361771201180027 596670.3200000001 0.9918032786885246
68 0.8361771201180027 596670.3200000001 0.9918032786885246
69 0.8361771201180027 596670.3200000001 0.9918032786885246
70 0.8367071569638119 594638.16 0.9918032786885246
71 0.8372583597070096 592524.85 0.9918032786885246
72 0.8372583597070096 592524.85 0.9918032786885246
73 0.8374679581683966 591721.25 0.9918032786885246
74 0.8381283993730155 589189.1199999999 0.9918032786885246
75 0.8392656040464671 584829.0799999997 0.9918032786885246
76 0.8392656040464671 584829.0799999997 0.9918032786885246
77 0.8392656040464671 584829.0799999997 0.9918032786885246
78 0.8396945897077375 583184.3500000001 0.9918032786885246
79 0.8396945897077375 583184.3500000001 0.9918032786885246
80 0.8398436560500121 582612.8299999998 0.9918032786885246
81 0.839860082768651 582549.85 0.9918032786885246
82 0.8405940738365432 579735.7300000004 0.9918032786885246
83 0.8405940738365432 579735.7300000004 0.9918032786885246
84 0.8405940738365432 579735.7300000004 0.9918032786885246
85 0.8405940738365432 579735.7300000004 0.9918032786885246
86 0.8410447287862312 578007.9199999997 0.9918032786885246
87 0.8411706991308006 577524.9499999998 0.9918032786885246
88 0.8417031225195684 575483.64 0.9918032786885246
89 0.8418750944577602 574824.2999999999 0.9918032786885246
90 0.8424117614589804 572766.7199999999 0.9918032786885246
91 0.8424117614589804 572766.7199999999 0.9918032786885246
92 0.8430969314218425 570139.7799999998 0.9918032786885246
93 0.8430969314218425 570139.7799999998 0.9918032786885246
94 0.8430969314218425 570139.7799999998 0.9918032786885246
95 0.8441383274805337 566147.0700000001 0.9918032786885246
96 0.8441383274805337 566147.0700000001 0.9918032786885246
97 0.8441383274805337 566147.0700000001 0.9918032786885246
98 0.8449314030923012 563106.4200000002 0.9918032786885246
99 0.8449314030923012 563106.4200000002 0.9918032786885246
100 0.8449314030923012 563106.4200000002 0.9918032786885246
101 0.8449314030923012 563106.4200000002 0.9918032786885246
102 0.8449314030923012 563106.4200000002 0.9918032786885246
103 0.8449314030923012 563106.4200000002 0.9918032786885246
104 0.8449314030923012 563106.4200000002 0.9918032786885246
105 0.8449314030923012 563106.4200000002 0.9918032786885246
106 0.8449314030923012 563106.4200000002 0.9918032786885246
107 0.8449314030923012 563106.4200000002 0.9918032786885246
108 0.8464950503894442 557111.3999999998 0.9918032786885246
109 0.8498227885098325 544352.8599999999 0.9918032786885246
110 0.8498227885098325 544352.8599999999 0.9918032786885246
111 0.8579188342454137 513312.64000000025 0.9918032786885246
112 0.85863894424049 510551.74 0.9918032786885246
113 0.85863894424049 510551.74 0.9918032786885246
114 0.8598005933736244 506097.98000000016 0.9918032786885246
115 0.8598005933736244 506097.98000000016 0.9918032786885246
116 0.8601546885343747 504740.37999999995 0.9918032786885246
117 0.8601546885343747 504740.37999999995 0.9918032786885246
118 0.8605601634871965 503185.79000000004 0.9918032786885246
119 0.8605601634871965 503185.79000000004 0.9918032786885246
120 0.8605601634871965 503185.79000000004 0.9918032786885246
121 0.8607521145719067 502449.8500000002 0.9918032786885246
122 0.8607521145719067 502449.8500000002 0.9918032786885246
123 0.8607521145719067 502449.8500000002 0.9918032786885246
124 0.8607521145719067 502449.8500000002 0.9918032786885246
125 0.8615702736630564 499313.0299999999 0.9918032786885246
126 0.8615702736630564 499313.0299999999 0.9918032786885246
127 0.8615702736630564 499313.0299999999 0.9918032786885246
128 0.8615702736630564 499313.0299999999 0.9918032786885246
129 0.8615702736630564 499313.0299999999 0.9918032786885246
130 0.8615702736630564 499313.0299999999 0.9918032786885246
131 0.8615702736630564 499313.0299999999 0.9918032786885246
132 0.8615702736630564 499313.0299999999 0.9918032786885246
133 0.8615702736630564 499313.0299999999 0.9918032786885246
134 0.8615702736630564 499313.0299999999 0.9918032786885246
135 0.8615702736630564 499313.0299999999 0.9918032786885246
136 0.8615702736630564 499313.0299999999 0.9918032786885246
137 0.8615702736630564 499313.0299999999 0.9918032786885246
138 0.8615702736630564 499313.0299999999 0.9918032786885246
139 0.8615702736630564 499313.0299999999 0.9918032786885246
140 0.8615702736630564 499313.0299999999 0.9918032786885246
141 0.863730501926782 491030.72 0.9918032786885246
142 0.863730501926782 491030.72 0.9918032786885246
143 0.863730501926782 491030.72 0.9918032786885246
144 0.863730501926782 491030.72 0.9918032786885246
145 0.863730501926782 491030.72 0.9918032786885246
146 0.863730501926782 491030.72 0.9918032786885246
147 0.863730501926782 491030.72 0.9918032786885246
148 0.863730501926782 491030.72 0.9918032786885246
149 0.863730501926782 491030.72 0.9918032786885246
150 0.863730501926782 491030.72 0.9918032786885246
151 0.8642410656253448 489073.22000000015 0.9918032786885246
152 0.8671392651368045 477961.53 0.9918032786885246
153 0.8671392651368045 477961.53 0.9918032786885246
154 0.8671392651368045 477961.53 0.9918032786885246
155 0.8671392651368045 477961.53 0.9918032786885246
156 0.8678035978409803 475414.48000000004 0.9918032786885246
157 0.8678035978409803 475414.48000000004 0.9918032786885246
158 0.8681922600551 473924.35 0.9918032786885246
159 0.8685174193605661 472677.69000000006 0.9918032786885246
160 0.8685174193605661 472677.69000000006 0.9918032786885246
161 0.8685174193605661 472677.69000000006 0.9918032786885246
162 0.8699078688449922 467346.70999999996 0.9918032786885246
163 0.8711765003087726 462482.77999999997 0.9918032786885246
164 0.8711765003087726 462482.77999999997 0.9918032786885246
165 0.8727809144544905 456331.45999999985 0.9918032786885246
166 0.8730449626107495 455319.0999999998 0.9918032786885246
167 0.875073289383798 447542.4999999999 0.9918032786885246
168 0.8769481392745249 440354.3299999997 0.9918032786885246
169 0.8769481392745249 440354.3299999997 0.9918032786885246
170 0.8769481392745249 440354.3299999997 0.9918032786885246
171 0.8769481392745249 440354.3299999997 0.9918032786885246
172 0.8769481392745249 440354.3299999997 0.9918032786885246
173 0.8769481392745249 440354.3299999997 0.9918032786885246
174 0.8769481392745249 440354.3299999997 0.9918032786885246
175 0.8771099860107864 439733.80999999994 0.9918032786885246
176 0.8779314862620784 436584.18000000005 0.9918032786885246
177 0.8779314862620784 436584.18000000005 0.9918032786885246
178 0.8779314862620784 436584.18000000005 0.9918032786885246
179 0.8779314862620784 436584.18000000005 0.9918032786885246
180 0.8779314862620784 436584.18000000005 0.9918032786885246
181 0.8780230382231677 436233.17000000004 0.9918032786885246
182 0.8780230382231677 436233.17000000004 0.9918032786885246
183 0.8780230382231677 436233.17000000004 0.9918032786885246
184 0.8781251587876113 435841.6400000001 0.9918032786885246
185 0.8781251587876113 435841.6400000001 0.9918032786885246
186 0.8786151956084847 433962.84000000014 0.9918032786885246
187 0.8786151956084847 433962.84000000014 0.9918032786885246
188 0.8786151956084847 433962.84000000014 0.9918032786885246
189 0.8793645987882279 431089.63 0.9918032786885246
190 0.8794303995595554 430837.3499999999 0.9918032786885246
191 0.8794303995595554 430837.3499999999 0.9918032786885246
192 0.8794303995595554 430837.3499999999 0.9918032786885246
193 0.8794303995595554 430837.3499999999 0.9918032786885246
194 0.8797224237374275 429717.73000000004 0.9918032786885246
195 0.8797224237374275 429717.73000000004 0.9918032786885246
196 0.8797224237374275 429717.73000000004 0.9918032786885246
197 0.8797224237374275 429717.73000000004 0.9918032786885246
198 0.8797224237374275 429717.73000000004 0.9918032786885246
199 0.8797224237374275 429717.73000000004 0.9918032786885246
200 0.8797224237374275 429717.73000000004 0.9918032786885246
201 0.8797224237374275 429717.73000000004 0.9918032786885246
202 0.8798328463414753 429294.37000000005 0.9918032786885246
203 0.8798328463414753 429294.37000000005 0.9918032786885246
204 0.8798328463414753 429294.37000000005 0.9918032786885246
205 0.8798328463414753 429294.37000000005 0.9918032786885246
206 0.8798328463414753 429294.37000000005 0.9918032786885246
207 0.8798328463414753 429294.37000000005 0.9918032786885246
208 0.8798328463414753 429294.37000000005 0.9918032786885246
209 0.8798328463414753 429294.37000000005 0.9918032786885246
210 0.8798328463414753 429294.37000000005 0.9918032786885246
211 0.8798328463414753 429294.37000000005 0.9918032786885246
212 0.8798328463414753 429294.37000000005 0.9918032786885246
213 0.8798328463414753 429294.37000000005 0.9918032786885246
214 0.8798328463414753 429294.37000000005 0.9918032786885246
215 0.8798328463414753 429294.37000000005 0.9918032786885246
216 0.8798328463414753 429294.37000000005 0.9918032786885246
217 0.8798328463414753 429294.37000000005 0.9918032786885246
218 0.8798328463414753 429294.37000000005 0.9918032786885246
219 0.8798328463414753 429294.37000000005 0.9918032786885246
220 0.8798328463414753 429294.37000000005 0.9918032786885246
221 0.8798328463414753 429294.37000000005 0.9918032786885246
222 0.8798328463414753 429294.37000000005 0.9918032786885246
223 0.8798328463414753 429294.37000000005 0.9918032786885246
224 0.8798328463414753 429294.37000000005 0.9918032786885246
225 0.8798328463414753 429294.37000000005 0.9918032786885246
226 0.8798328463414753 429294.37000000005 0.9918032786885246
227 0.8798328463414753 429294.37000000005 0.9918032786885246
228 0.8798328463414753 429294.37000000005 0.9918032786885246
229 0.879835796265067 429283.0599999999 0.9918032786885246
230 0.8803820720359705 427188.6400000001 0.9918032786885246
231 0.8803820720359705 427188.6400000001 0.9918032786885246
232 0.8803820720359705 427188.6400000001 0.9918032786885246
233 0.8803820720359705 427188.6400000001 0.9918032786885246
234 0.8804842343323128 426796.95000000007 0.9918032786885246
235 0.8804842343323128 426796.95000000007 0.9918032786885246
236 0.8804842343323128 426796.95000000007 0.9918032786885246
237 0.8805806741420414 426427.19999999995 0.9918032786885246
238 0.8806978860043643 425977.81000000006 0.9918032786885246
239 0.8810308674325993 424701.16000000015 0.9918032786885246
240 0.8810308674325993 424701.16000000015 0.9918032786885246
241 0.8810308674325993 424701.16000000015 0.9918032786885246
242 0.8811294277444323 424323.27999999985 0.9918032786885246
243 0.8812898269054564 423708.30999999994 0.9918032786885246
244 0.8812898269054564 423708.30999999994 0.9918032786885246
245 0.8812898269054564 423708.30999999994 0.9918032786885246
246 0.8812898269054564 423708.30999999994 0.9918032786885246
247 0.8812898269054564 423708.30999999994 0.9918032786885246
248 0.881296430978431 423682.99 0.9918032786885246
249 0.8814878421567014 422949.1200000001 0.9918032786885246
250 0.8814878421567014 422949.1200000001 0.9918032786885246
251 0.8816676962072664 422259.56000000006 0.9918032786885246
