Iteration FitnessValue ScCosts FR
0 0.7837575818100325 776358.9400000005 0.9702970297029703
1 0.7837575818100325 776358.9400000005 0.9702970297029703
2 0.7837575818100325 776358.9400000005 0.9702970297029703
3 0.7837575818100325 776358.9400000005 0.9702970297029703
4 0.7837575818100325 776358.9400000005 0.9702970297029703
5 0.7837575818100325 776358.9400000005 0.9702970297029703
6 0.7837575818100325 776358.9400000005 0.9702970297029703
7 0.7837575818100325 776358.9400000005 0.9702970297029703
8 0.7837575818100325 776358.9400000005 0.9702970297029703
9 0.7837575818100325 776358.9400000005 0.9702970297029703
10 0.7837575818100325 776358.9400000005 0.9702970297029703
11 0.7837575818100325 776358.9400000005 0.9702970297029703
12 0.7837575818100325 776358.9400000005 0.9702970297029703
13 0.7837575818100325 776358.9400000005 0.9702970297029703
14 0.7837575818100325 776358.9400000005 0.9702970297029703
15 0.7837575818100325 776358.9400000005 0.9702970297029703
16 0.7837575818100325 776358.9400000005 0.9702970297029703
17 0.7858934008553852 767469.8700000003 0.9702970297029703
18 0.7884438860591175 756855.0 0.9702970297029703
19 0.7997484188550792 709806.6400000006 0.9702970297029703
20 0.7997484188550792 709806.6400000006 0.9702970297029703
21 0.7997484188550792 709806.6400000006 0.9702970297029703
22 0.7997484188550792 709806.6400000006 0.9702970297029703
23 0.8116524707832812 660263.1400000004 0.9702970297029703
24 0.8279836714239441 592294.2799999998 0.9702970297029703
25 0.8279836714239441 592294.2799999998 0.9702970297029703
26 0.835274950383887 561948.6899999992 0.9702970297029703
27 0.835274950383887 561948.6899999992 0.9702970297029703
28 0.835274950383887 561948.6899999992 0.9702970297029703
29 0.835274950383887 561948.6899999992 0.9702970297029703
30 0.835274950383887 561948.6899999992 0.9702970297029703
31 0.835274950383887 561948.6899999992 0.9702970297029703
32 0.835274950383887 561948.6899999992 0.9702970297029703
33 0.835274950383887 561948.6899999992 0.9702970297029703
34 0.8365802885991891 556515.9999999998 0.9702970297029703
35 0.8365802885991891 556515.9999999998 0.9702970297029703
36 0.8383983029055292 512977.1100000001 0.9603960396039604
37 0.838418998308881 548863.47 0.9702970297029703
38 0.838418998308881 548863.47 0.9702970297029703
39 0.8387865850333329 547333.6099999998 0.9702970297029703
40 0.8387865850333329 547333.6099999998 0.9702970297029703
41 0.8409597692045919 538289.0299999998 0.9702970297029703
42 0.8420018071438844 533952.1700000002 0.9702970297029703
43 0.8420018071438844 533952.1700000002 0.9702970297029703
44 0.8450715130078887 484917.5400000001 0.9603960396039604
45 0.8450715130078887 484917.5400000001 0.9603960396039604
46 0.8450715130078887 484917.5400000001 0.9603960396039604
47 0.846215610318415 480106.82999999984 0.9603960396039604
48 0.846215610318415 480106.82999999984 0.9603960396039604
49 0.8481486496381403 471978.7699999998 0.9603960396039604
50 0.8481486496381403 471978.7699999998 0.9603960396039604
51 0.8481486496381403 471978.7699999998 0.9603960396039604
52 0.8481486496381403 471978.7699999998 0.9603960396039604
53 0.8484097887653896 470880.7300000002 0.9603960396039604
54 0.8492252623044383 467451.81999999995 0.9603960396039604
55 0.8501115571438982 463725.1199999999 0.9603960396039604
56 0.8511246211360202 459465.3799999999 0.9603960396039604
57 0.8511246211360202 459465.3799999999 0.9603960396039604
58 0.8513518990296736 458509.72 0.9603960396039604
59 0.8526343664970395 453117.18999999977 0.9603960396039604
60 0.8526343664970395 453117.18999999977 0.9603960396039604
61 0.8529825298032288 451653.2300000003 0.9603960396039604
62 0.8540922165091123 446987.2100000002 0.9603960396039604
63 0.8571394683057237 434174.1000000001 0.9603960396039604
64 0.8571394683057237 434174.1000000001 0.9603960396039604
65 0.8596123633752079 423776.0499999999 0.9603960396039604
66 0.8596123633752079 423776.0499999999 0.9603960396039604
67 0.8596123633752079 423776.0499999999 0.9603960396039604
68 0.8596123633752079 423776.0499999999 0.9603960396039604
69 0.8597495230131613 423199.3200000001 0.9603960396039604
70 0.8597495230131613 423199.3200000001 0.9603960396039604
71 0.8606232132355361 419525.6199999999 0.9603960396039604
72 0.8610065315322448 417913.83999999985 0.9603960396039604
73 0.8610065315322448 417913.83999999985 0.9603960396039604
74 0.8610065315322448 417913.83999999985 0.9603960396039604
75 0.8611129739561848 417466.2700000001 0.9603960396039604
76 0.8616382487800285 415257.5900000002 0.9603960396039604
77 0.8618121116359965 414526.5299999999 0.9603960396039604
78 0.8623434580801077 412292.32 0.9603960396039604
79 0.8646068905741618 402775.02 0.9603960396039604
80 0.8646068905741618 402775.02 0.9603960396039604
81 0.8646068905741618 402775.02 0.9603960396039604
82 0.8646068905741618 402775.02 0.9603960396039604
83 0.8646068905741618 402775.02 0.9603960396039604
84 0.8646068905741618 402775.02 0.9603960396039604
85 0.8651357874417454 400551.1099999999 0.9603960396039604
86 0.8651357874417454 400551.1099999999 0.9603960396039604
87 0.8657842616955632 397824.4 0.9603960396039604
88 0.8657842616955632 397824.4 0.9603960396039604
89 0.8658767676938204 397435.4299999998 0.9603960396039604
90 0.8660491417780345 396710.6299999999 0.9603960396039604
91 0.8660491417780345 396710.6299999999 0.9603960396039604
92 0.8660491417780345 396710.6299999999 0.9603960396039604
93 0.8660491417780345 396710.6299999999 0.9603960396039604
94 0.8660491417780345 396710.6299999999 0.9603960396039604
95 0.8661528349685121 396274.61999999976 0.9603960396039604
96 0.8661528349685121 396274.61999999976 0.9603960396039604
97 0.8661528349685121 396274.61999999976 0.9603960396039604
98 0.8661528349685121 396274.61999999976 0.9603960396039604
99 0.8661528349685121 396274.61999999976 0.9603960396039604
100 0.8661528349685121 396274.61999999976 0.9603960396039604
101 0.8661528349685121 396274.61999999976 0.9603960396039604
102 0.8663377470793815 395497.1000000002 0.9603960396039604
103 0.8663377470793815 395497.1000000002 0.9603960396039604
104 0.8663377470793815 395497.1000000002 0.9603960396039604
105 0.8663377470793815 395497.1000000002 0.9603960396039604
106 0.8663377470793815 395497.1000000002 0.9603960396039604
107 0.8663377470793815 395497.1000000002 0.9603960396039604
108 0.8663377470793815 395497.1000000002 0.9603960396039604
109 0.8663377470793815 395497.1000000002 0.9603960396039604
110 0.8663377470793815 395497.1000000002 0.9603960396039604
111 0.8663377470793815 395497.1000000002 0.9603960396039604
112 0.8664314112754726 395103.2599999999 0.9603960396039604
113 0.8664314112754726 395103.2599999999 0.9603960396039604
114 0.8664314112754726 395103.2599999999 0.9603960396039604
115 0.8664941656209494 394839.3900000001 0.9603960396039604
116 0.8664941656209494 394839.3900000001 0.9603960396039604
117 0.8664941656209494 394839.3900000001 0.9603960396039604
118 0.8664967507565666 394828.5200000002 0.9603960396039604
119 0.8665612055362351 394557.50000000006 0.9603960396039604
120 0.866567650538556 394530.3999999998 0.9603960396039604
121 0.8666281336747277 394276.0800000001 0.9603960396039604
122 0.8666588033241487 394147.12000000005 0.9603960396039604
123 0.8667799812589301 393637.59000000014 0.9603960396039604
124 0.8667799812589301 393637.59000000014 0.9603960396039604
125 0.8667845712421328 393618.29000000015 0.9603960396039604
126 0.8668156261647553 393487.71 0.9603960396039604
127 0.8668156261647553 393487.71 0.9603960396039604
128 0.8668289585201099 393431.65 0.9603960396039604
129 0.8668770130281896 393229.5900000001 0.9603960396039604
130 0.8669122774172726 393081.3099999998 0.9603960396039604
131 0.8669122774172726 393081.3099999998 0.9603960396039604
132 0.8669122774172726 393081.3099999998 0.9603960396039604
133 0.8669280831314514 393014.85000000027 0.9603960396039604
134 0.8669598467665062 392881.29 0.9603960396039604
135 0.8669865899587935 392768.84 0.9603960396039604
136 0.8670131048410354 392657.35 0.9603960396039604
137 0.8670131048410354 392657.35 0.9603960396039604
138 0.8670131048410354 392657.35 0.9603960396039604
139 0.8670131048410354 392657.35 0.9603960396039604
140 0.8670131048410354 392657.35 0.9603960396039604
141 0.8670131048410354 392657.35 0.9603960396039604
142 0.8670131048410354 392657.35 0.9603960396039604
143 0.8670131048410354 392657.35 0.9603960396039604
144 0.8670131048410354 392657.35 0.9603960396039604
145 0.8670131048410354 392657.35 0.9603960396039604
146 0.8670131048410354 392657.35 0.9603960396039604
147 0.8670131048410354 392657.35 0.9603960396039604
148 0.8670140585111206 392653.3400000002 0.9603960396039604
149 0.8670140585111206 392653.3400000002 0.9603960396039604
150 0.8670195760038825 392630.14 0.9603960396039604
151 0.8670195760038825 392630.14 0.9603960396039604
152 0.8670195760038825 392630.14 0.9603960396039604
153 0.8670335790199953 392571.2599999998 0.9603960396039604
154 0.8670335790199953 392571.2599999998 0.9603960396039604
155 0.8670335790199953 392571.2599999998 0.9603960396039604
156 0.8670338477599443 392570.13000000006 0.9603960396039604
157 0.8670338477599443 392570.13000000006 0.9603960396039604
158 0.8670368776245041 392557.3900000001 0.9603960396039604
159 0.8670456984782341 392520.30000000016 0.9603960396039604
160 0.8670456984782341 392520.30000000016 0.9603960396039604
161 0.8670515037367822 392495.8900000002 0.9603960396039604
162 0.8670515037367822 392495.8900000002 0.9603960396039604
163 0.8670515037367822 392495.8900000002 0.9603960396039604
164 0.8670515037367822 392495.8900000002 0.9603960396039604
165 0.8670515037367822 392495.8900000002 0.9603960396039604
166 0.8670515037367822 392495.8900000002 0.9603960396039604
167 0.8670526714475348 392490.9800000001 0.9603960396039604
168 0.867052940187484 392489.8499999999 0.9603960396039604
169 0.8670608692050994 392456.51000000007 0.9603960396039604
170 0.8670636564902361 392444.7899999999 0.9603960396039604
171 0.8670636564902361 392444.7899999999 0.9603960396039604
172 0.8670672999380425 392429.4699999999 0.9603960396039604
173 0.8670672999380425 392429.4699999999 0.9603960396039604
174 0.8670707745315447 392414.86000000016 0.9603960396039604
175 0.8670707745315447 392414.86000000016 0.9603960396039604
176 0.86707409691835 392400.89 0.9603960396039604
177 0.8670759495592385 392393.1000000003 0.9603960396039604
178 0.8670759495592385 392393.1000000003 0.9603960396039604
179 0.8670759495592385 392393.1000000003 0.9603960396039604
180 0.8670759495592385 392393.1000000003 0.9603960396039604
181 0.8670796928926898 392377.3600000002 0.9603960396039604
182 0.8670813148453035 392370.53999999963 0.9603960396039604
183 0.8670813148453035 392370.53999999963 0.9603960396039604
184 0.8670813148453035 392370.53999999963 0.9603960396039604
185 0.8670813148453035 392370.53999999963 0.9603960396039604
186 0.8670813148453035 392370.53999999963 0.9603960396039604
187 0.8670821020393139 392367.23000000016 0.9603960396039604
188 0.8670821020393139 392367.23000000016 0.9603960396039604
189 0.8670821020393139 392367.23000000016 0.9603960396039604
190 0.8670821020393139 392367.23000000016 0.9603960396039604
191 0.8670839404108247 392359.49999999994 0.9603960396039604
192 0.8670839404108247 392359.49999999994 0.9603960396039604
193 0.8670839404108247 392359.49999999994 0.9603960396039604
194 0.8670839404108247 392359.49999999994 0.9603960396039604
195 0.8670839404108247 392359.49999999994 0.9603960396039604
196 0.8670839404108247 392359.49999999994 0.9603960396039604
197 0.8670855885239643 392352.57 0.9603960396039604
198 0.8670855885239643 392352.57 0.9603960396039604
199 0.8670855885239643 392352.57 0.9603960396039604
200 0.8670856265756384 392352.4100000002 0.9603960396039604
201 0.8670875029988234 392344.52000000014 0.9603960396039604
202 0.8670875029988234 392344.52000000014 0.9603960396039604
203 0.8670908777066807 392330.33000000013 0.9603960396039604
204 0.8670908777066807 392330.33000000013 0.9603960396039604
205 0.8670908777066807 392330.33000000013 0.9603960396039604
206 0.8670908777066807 392330.33000000013 0.9603960396039604
207 0.8670908777066807 392330.33000000013 0.9603960396039604
208 0.8670908777066807 392330.33000000013 0.9603960396039604
209 0.8670908777066807 392330.33000000013 0.9603960396039604
210 0.8670908777066807 392330.33000000013 0.9603960396039604
211 0.8670908777066807 392330.33000000013 0.9603960396039604
212 0.8670908777066807 392330.33000000013 0.9603960396039604
213 0.8670908777066807 392330.33000000013 0.9603960396039604
214 0.8670908777066807 392330.33000000013 0.9603960396039604
215 0.8670920810908779 392325.2700000001 0.9603960396039604
216 0.8670920810908779 392325.2700000001 0.9603960396039604
217 0.8670968756018296 392305.11000000004 0.9603960396039604
218 0.8670968756018296 392305.11000000004 0.9603960396039604
219 0.8670968756018296 392305.11000000004 0.9603960396039604
220 0.8670985213367395 392298.1900000002 0.9603960396039604
221 0.8670985213367395 392298.1900000002 0.9603960396039604
222 0.8670986259788437 392297.75 0.9603960396039604
223 0.8670986259788437 392297.75 0.9603960396039604
224 0.8670986259788437 392297.75 0.9603960396039604
225 0.8670986259788437 392297.75 0.9603960396039604
226 0.8670986259788437 392297.75 0.9603960396039604
227 0.8670986259788437 392297.75 0.9603960396039604
228 0.8670986259788437 392297.75 0.9603960396039604
229 0.8670986259788437 392297.75 0.9603960396039604
230 0.8670986259788437 392297.75 0.9603960396039604
231 0.8671015297972327 392285.54000000004 0.9603960396039604
232 0.8671015297972327 392285.54000000004 0.9603960396039604
233 0.867102060142442 392283.3100000002 0.9603960396039604
234 0.867103824788834 392275.88999999984 0.9603960396039604
235 0.867103824788834 392275.88999999984 0.9603960396039604
236 0.867103824788834 392275.88999999984 0.9603960396039604
237 0.867103824788834 392275.88999999984 0.9603960396039604
238 0.867108405259118 392256.6300000002 0.9603960396039604
239 0.867108405259118 392256.6300000002 0.9603960396039604
240 0.867108405259118 392256.6300000002 0.9603960396039604
241 0.867108405259118 392256.6300000002 0.9603960396039604
242 0.867108405259118 392256.6300000002 0.9603960396039604
243 0.867108405259118 392256.6300000002 0.9603960396039604
244 0.867108405259118 392256.6300000002 0.9603960396039604
245 0.867108405259118 392256.6300000002 0.9603960396039604
246 0.867108405259118 392256.6300000002 0.9603960396039604
247 0.867108405259118 392256.6300000002 0.9603960396039604
248 0.867108405259118 392256.6300000002 0.9603960396039604
249 0.8671103958373257 392248.2599999999 0.9603960396039604
250 0.8671103958373257 392248.2599999999 0.9603960396039604
251 0.8671103958373257 392248.2599999999 0.9603960396039604
