Iteration FitnessValue ScCosts FR
0 0.778719738336444 310617.7600000002 0.9642857142857143
1 0.778719738336444 310617.7600000002 0.9642857142857143
2 0.778719738336444 310617.7600000002 0.9642857142857143
3 0.778719738336444 310617.7600000002 0.9642857142857143
4 0.778719738336444 310617.7600000002 0.9642857142857143
5 0.778719738336444 310617.7600000002 0.9642857142857143
6 0.778719738336444 310617.7600000002 0.9642857142857143
7 0.778719738336444 310617.7600000002 0.9642857142857143
8 0.778719738336444 310617.7600000002 0.9642857142857143
9 0.778719738336444 310617.7600000002 0.9642857142857143
10 0.778719738336444 310617.7600000002 0.9642857142857143
11 0.778719738336444 310617.7600000002 0.9642857142857143
12 0.778719738336444 310617.7600000002 0.9642857142857143
13 0.778719738336444 310617.7600000002 0.9642857142857143
14 0.778719738336444 310617.7600000002 0.9642857142857143
15 0.778719738336444 310617.7600000002 0.9642857142857143
16 0.778719738336444 310617.7600000002 0.9642857142857143
17 0.778719738336444 310617.7600000002 0.9642857142857143
18 0.778719738336444 310617.7600000002 0.9642857142857143
19 0.778719738336444 310617.7600000002 0.9642857142857143
20 0.778719738336444 310617.7600000002 0.9642857142857143
21 0.778719738336444 310617.7600000002 0.9642857142857143
22 0.778719738336444 310617.7600000002 0.9642857142857143
23 0.778719738336444 310617.7600000002 0.9642857142857143
24 0.778719738336444 310617.7600000002 0.9642857142857143
25 0.778719738336444 310617.7600000002 0.9642857142857143
26 0.778719738336444 310617.7600000002 0.9642857142857143
27 0.778719738336444 310617.7600000002 0.9642857142857143
28 0.778719738336444 310617.7600000002 0.9642857142857143
29 0.778719738336444 310617.7600000002 0.9642857142857143
30 0.778719738336444 310617.7600000002 0.9642857142857143
31 0.778719738336444 310617.7600000002 0.9642857142857143
32 0.778719738336444 310617.7600000002 0.9642857142857143
33 0.778719738336444 310617.7600000002 0.9642857142857143
34 0.778719738336444 310617.7600000002 0.9642857142857143
35 0.778719738336444 310617.7600000002 0.9642857142857143
36 0.778719738336444 310617.7600000002 0.9642857142857143
37 0.778719738336444 310617.7600000002 0.9642857142857143
38 0.778719738336444 310617.7600000002 0.9642857142857143
39 0.778719738336444 310617.7600000002 0.9642857142857143
40 0.778719738336444 310617.7600000002 0.9642857142857143
41 0.778719738336444 310617.7600000002 0.9642857142857143
42 0.778719738336444 310617.7600000002 0.9642857142857143
43 0.778719738336444 310617.7600000002 0.9642857142857143
44 0.778719738336444 310617.7600000002 0.9642857142857143
45 0.778719738336444 310617.7600000002 0.9642857142857143
46 0.778719738336444 310617.7600000002 0.9642857142857143
47 0.778719738336444 310617.7600000002 0.9642857142857143
48 0.778719738336444 310617.7600000002 0.9642857142857143
49 0.778719738336444 310617.7600000002 0.9642857142857143
50 0.778719738336444 310617.7600000002 0.9642857142857143
51 0.778719738336444 310617.7600000002 0.9642857142857143
52 0.7843022541186735 348160.31999999995 1.0
53 0.7843022541186735 348160.31999999995 1.0
54 0.7843022541186735 348160.31999999995 1.0
55 0.7843022541186735 348160.31999999995 1.0
56 0.7843022541186735 348160.31999999995 1.0
57 0.7845710830475212 347726.39999999985 1.0
58 0.7845926924525685 347691.5200000001 1.0
59 0.7845926924525685 347691.5200000001 1.0
60 0.7845926924525685 347691.5200000001 1.0
61 0.7845926924525685 347691.5200000001 1.0
62 0.7845926924525685 347691.5200000001 1.0
63 0.7845926924525685 347691.5200000001 1.0
64 0.7845926924525685 347691.5200000001 1.0
65 0.7845926924525685 347691.5200000001 1.0
66 0.7845926924525685 347691.5200000001 1.0
67 0.7845926924525685 347691.5200000001 1.0
68 0.7845926924525685 347691.5200000001 1.0
69 0.7845926924525685 347691.5200000001 1.0
70 0.7845926924525685 347691.5200000001 1.0
71 0.7845926924525685 347691.5200000001 1.0
72 0.7845926924525685 347691.5200000001 1.0
73 0.7845926924525685 347691.5200000001 1.0
74 0.7845926924525685 347691.5200000001 1.0
75 0.7845926924525685 347691.5200000001 1.0
76 0.7845926924525685 347691.5200000001 1.0
77 0.7845926924525685 347691.5200000001 1.0
78 0.7845926924525685 347691.5200000001 1.0
79 0.7845926924525685 347691.5200000001 1.0
80 0.7845926924525685 347691.5200000001 1.0
81 0.7845926924525685 347691.5200000001 1.0
82 0.7845926924525685 347691.5200000001 1.0
83 0.7845926924525685 347691.5200000001 1.0
84 0.7845926924525685 347691.5200000001 1.0
85 0.7845926924525685 347691.5200000001 1.0
86 0.7900913939057514 338815.99999999994 1.0
87 0.7900913939057514 338815.99999999994 1.0
88 0.7900913939057514 338815.99999999994 1.0
89 0.7927511349893938 334522.8799999999 1.0
90 0.7927511349893938 334522.8799999999 1.0
91 0.7927511349893938 334522.8799999999 1.0
92 0.7927511349893938 334522.8799999999 1.0
93 0.796073828829722 329159.68 1.0
94 0.796073828829722 329159.68 1.0
95 0.796073828829722 329159.68 1.0
96 0.796073828829722 329159.68 1.0
97 0.796073828829722 329159.68 1.0
98 0.796073828829722 329159.68 1.0
99 0.796073828829722 329159.68 1.0
100 0.796073828829722 329159.68 1.0
101 0.796073828829722 329159.68 1.0
102 0.796073828829722 329159.68 1.0
103 0.8002212485874588 322465.28 1.0
104 0.8002212485874588 322465.28 1.0
105 0.8002212485874588 322465.28 1.0
106 0.8065137487361473 312308.48 1.0
107 0.8065137487361473 312308.48 1.0
108 0.8065137487361473 312308.48 1.0
109 0.8065137487361473 312308.48 1.0
110 0.8065137487361473 312308.48 1.0
111 0.8065137487361473 312308.48 1.0
112 0.8065137487361473 312308.48 1.0
113 0.8065137487361473 312308.48 1.0
114 0.8065137487361473 312308.48 1.0
115 0.8065137487361473 312308.48 1.0
116 0.8065137487361473 312308.48 1.0
117 0.8065137487361473 312308.48 1.0
118 0.8065137487361473 312308.48 1.0
119 0.8065137487361473 312308.48 1.0
120 0.8065137487361473 312308.48 1.0
121 0.8065137487361473 312308.48 1.0
122 0.8065137487361473 312308.48 1.0
123 0.8065137487361473 312308.48 1.0
124 0.8065137487361473 312308.48 1.0
125 0.8065137487361473 312308.48 1.0
126 0.8065137487361473 312308.48 1.0
127 0.8065137487361473 312308.48 1.0
128 0.8065137487361473 312308.48 1.0
129 0.8065137487361473 312308.48 1.0
130 0.8065137487361473 312308.48 1.0
131 0.8065137487361473 312308.48 1.0
132 0.8065137487361473 312308.48 1.0
133 0.8065137487361473 312308.48 1.0
134 0.8065137487361473 312308.48 1.0
135 0.8065137487361473 312308.48 1.0
136 0.8065137487361473 312308.48 1.0
137 0.8065137487361473 312308.48 1.0
138 0.8065137487361473 312308.48 1.0
139 0.8065137487361473 312308.48 1.0
140 0.8089058503994767 308447.3600000001 1.0
141 0.8089058503994767 308447.3600000001 1.0
142 0.8089058503994767 308447.3600000001 1.0
143 0.8089058503994767 308447.3600000001 1.0
144 0.8089058503994767 308447.3600000001 1.0
145 0.8089058503994767 308447.3600000001 1.0
146 0.8089058503994767 308447.3600000001 1.0
147 0.8089058503994767 308447.3600000001 1.0
148 0.8089058503994767 308447.3600000001 1.0
149 0.8089058503994767 308447.3600000001 1.0
150 0.8089058503994767 308447.3600000001 1.0
151 0.8089058503994767 308447.3600000001 1.0
152 0.8089058503994767 308447.3600000001 1.0
153 0.8089058503994767 308447.3600000001 1.0
154 0.8089058503994767 308447.3600000001 1.0
155 0.8089058503994767 308447.3600000001 1.0
156 0.8089058503994767 308447.3600000001 1.0
157 0.8089058503994767 308447.3600000001 1.0
158 0.8089058503994767 308447.3600000001 1.0
159 0.8089058503994767 308447.3600000001 1.0
160 0.8089058503994767 308447.3600000001 1.0
161 0.8089058503994767 308447.3600000001 1.0
162 0.8089058503994767 308447.3600000001 1.0
163 0.8089058503994767 308447.3600000001 1.0
164 0.8089058503994767 308447.3600000001 1.0
165 0.8089058503994767 308447.3600000001 1.0
166 0.8089058503994767 308447.3600000001 1.0
167 0.8089058503994767 308447.3600000001 1.0
168 0.8089058503994767 308447.3600000001 1.0
169 0.8089058503994767 308447.3600000001 1.0
170 0.8089058503994767 308447.3600000001 1.0
171 0.8108863821097917 305250.5600000001 1.0
172 0.8108863821097917 305250.5600000001 1.0
173 0.8108863821097917 305250.5600000001 1.0
174 0.8182486469340418 293367.04000000015 1.0
175 0.8182486469340418 293367.04000000015 1.0
176 0.8182486469340418 293367.04000000015 1.0
177 0.8182486469340418 293367.04000000015 1.0
178 0.8182486469340418 293367.04000000015 1.0
179 0.8182486469340418 293367.04000000015 1.0
180 0.8182486469340418 293367.04000000015 1.0
181 0.8182486469340418 293367.04000000015 1.0
182 0.8182486469340418 293367.04000000015 1.0
183 0.8182486469340418 293367.04000000015 1.0
184 0.8182486469340418 293367.04000000015 1.0
185 0.8182486469340418 293367.04000000015 1.0
186 0.8182486469340418 293367.04000000015 1.0
187 0.8182486469340418 293367.04000000015 1.0
188 0.8182486469340418 293367.04000000015 1.0
189 0.8182486469340418 293367.04000000015 1.0
190 0.8182486469340418 293367.04000000015 1.0
191 0.8182486469340418 293367.04000000015 1.0
192 0.8182486469340418 293367.04000000015 1.0
193 0.8182486469340418 293367.04000000015 1.0
194 0.8182486469340418 293367.04000000015 1.0
195 0.8182486469340418 293367.04000000015 1.0
196 0.8182486469340418 293367.04000000015 1.0
197 0.8182486469340418 293367.04000000015 1.0
198 0.8182486469340418 293367.04000000015 1.0
199 0.8182486469340418 293367.04000000015 1.0
200 0.8182486469340418 293367.04000000015 1.0
201 0.8182486469340418 293367.04000000015 1.0
202 0.8182486469340418 293367.04000000015 1.0
203 0.8182486469340418 293367.04000000015 1.0
204 0.8182486469340418 293367.04000000015 1.0
205 0.8182486469340418 293367.04000000015 1.0
206 0.8182486469340418 293367.04000000015 1.0
207 0.8182486469340418 293367.04000000015 1.0
208 0.8182486469340418 293367.04000000015 1.0
209 0.8182486469340418 293367.04000000015 1.0
210 0.8318675283995163 271384.64000000025 1.0
211 0.8318675283995163 271384.64000000025 1.0
212 0.8318675283995163 271384.64000000025 1.0
213 0.8318675283995163 271384.64000000025 1.0
214 0.8318675283995163 271384.64000000025 1.0
215 0.8318675283995163 271384.64000000025 1.0
216 0.8318675283995163 271384.64000000025 1.0
217 0.8318675283995163 271384.64000000025 1.0
218 0.8318675283995163 271384.64000000025 1.0
219 0.8318675283995163 271384.64000000025 1.0
220 0.8318675283995163 271384.64000000025 1.0
221 0.8318675283995163 271384.64000000025 1.0
222 0.8318675283995163 271384.64000000025 1.0
223 0.8318675283995163 271384.64000000025 1.0
224 0.8318675283995163 271384.64000000025 1.0
225 0.8318675283995163 271384.64000000025 1.0
226 0.8318675283995163 271384.64000000025 1.0
227 0.8318675283995163 271384.64000000025 1.0
228 0.8318675283995163 271384.64000000025 1.0
229 0.8318675283995163 271384.64000000025 1.0
230 0.8318675283995163 271384.64000000025 1.0
231 0.8381304890862594 261275.5199999999 1.0
232 0.8381304890862594 261275.5199999999 1.0
233 0.8381304890862594 261275.5199999999 1.0
234 0.8381304890862594 261275.5199999999 1.0
235 0.8381304890862594 261275.5199999999 1.0
236 0.8381304890862594 261275.5199999999 1.0
237 0.8381304890862594 261275.5199999999 1.0
238 0.8381304890862594 261275.5199999999 1.0
239 0.8381304890862594 261275.5199999999 1.0
240 0.8381304890862594 261275.5199999999 1.0
241 0.8381304890862594 261275.5199999999 1.0
242 0.8381304890862594 261275.5199999999 1.0
243 0.8381304890862594 261275.5199999999 1.0
244 0.8381304890862594 261275.5199999999 1.0
245 0.8381304890862594 261275.5199999999 1.0
246 0.8381304890862594 261275.5199999999 1.0
247 0.8381304890862594 261275.5199999999 1.0
248 0.8381304890862594 261275.5199999999 1.0
249 0.8381304890862594 261275.5199999999 1.0
250 0.8381304890862594 261275.5199999999 1.0
251 0.8381304890862594 261275.5199999999 1.0
