Iteration FitnessValue ScCosts FR
0 0.7537222144386989 204855.74999999997 0.92
1 0.7537222144386989 204855.74999999997 0.92
2 0.7537222144386989 204855.74999999997 0.92
3 0.7537222144386989 204855.74999999997 0.92
4 0.7537222144386989 204855.74999999997 0.92
5 0.7537222144386989 204855.74999999997 0.92
6 0.7537222144386989 204855.74999999997 0.92
7 0.7537222144386989 204855.74999999997 0.92
8 0.7537222144386989 204855.74999999997 0.92
9 0.7537222144386989 204855.74999999997 0.92
10 0.7537222144386989 204855.74999999997 0.92
11 0.7537222144386989 204855.74999999997 0.92
12 0.7537222144386989 204855.74999999997 0.92
13 0.7537222144386989 204855.74999999997 0.92
14 0.7537222144386989 204855.74999999997 0.92
15 0.7537222144386989 204855.74999999997 0.92
16 0.7537222144386989 204855.74999999997 0.92
17 0.7537222144386989 204855.74999999997 0.92
18 0.7537222144386989 204855.74999999997 0.92
19 0.7537222144386989 204855.74999999997 0.92
20 0.7537222144386989 204855.74999999997 0.92
21 0.7537222144386989 204855.74999999997 0.92
22 0.7537222144386989 204855.74999999997 0.92
23 0.7537222144386989 204855.74999999997 0.92
24 0.7537222144386989 204855.74999999997 0.92
25 0.7537222144386989 204855.74999999997 0.92
26 0.7537222144386989 204855.74999999997 0.92
27 0.7537222144386989 204855.74999999997 0.92
28 0.7537222144386989 204855.74999999997 0.92
29 0.7537222144386989 204855.74999999997 0.92
30 0.7537222144386989 204855.74999999997 0.92
31 0.7537222144386989 204855.74999999997 0.92
32 0.7537222144386989 204855.74999999997 0.92
33 0.7537222144386989 204855.74999999997 0.92
34 0.7537222144386989 204855.74999999997 0.92
35 0.7537222144386989 204855.74999999997 0.92
36 0.7537222144386989 204855.74999999997 0.92
37 0.7537222144386989 204855.74999999997 0.92
38 0.7537222144386989 204855.74999999997 0.92
39 0.7537222144386989 204855.74999999997 0.92
40 0.7537222144386989 204855.74999999997 0.92
41 0.7537222144386989 204855.74999999997 0.92
42 0.7537222144386989 204855.74999999997 0.92
43 0.7537222144386989 204855.74999999997 0.92
44 0.7537222144386989 204855.74999999997 0.92
45 0.7537222144386989 204855.74999999997 0.92
46 0.7537222144386989 204855.74999999997 0.92
47 0.7537222144386989 204855.74999999997 0.92
48 0.7537222144386989 204855.74999999997 0.92
49 0.7537222144386989 204855.74999999997 0.92
50 0.7537222144386989 204855.74999999997 0.92
51 0.7537222144386989 204855.74999999997 0.92
52 0.7537222144386989 204855.74999999997 0.92
53 0.7537222144386989 204855.74999999997 0.92
54 0.7537222144386989 204855.74999999997 0.92
55 0.7537222144386989 204855.74999999997 0.92
56 0.7537222144386989 204855.74999999997 0.92
57 0.7537222144386989 204855.74999999997 0.92
58 0.7537222144386989 204855.74999999997 0.92
59 0.7537222144386989 204855.74999999997 0.92
60 0.7537222144386989 204855.74999999997 0.92
61 0.7537222144386989 204855.74999999997 0.92
62 0.7537222144386989 204855.74999999997 0.92
63 0.7537222144386989 204855.74999999997 0.92
64 0.7537222144386989 204855.74999999997 0.92
65 0.7537222144386989 204855.74999999997 0.92
66 0.7537222144386989 204855.74999999997 0.92
67 0.7537222144386989 204855.74999999997 0.92
68 0.7537222144386989 204855.74999999997 0.92
69 0.7537222144386989 204855.74999999997 0.92
70 0.7537222144386989 204855.74999999997 0.92
71 0.7537222144386989 204855.74999999997 0.92
72 0.7537222144386989 204855.74999999997 0.92
73 0.7537222144386989 204855.74999999997 0.92
74 0.7537222144386989 204855.74999999997 0.92
75 0.7537222144386989 204855.74999999997 0.92
76 0.7537222144386989 204855.74999999997 0.92
77 0.7537222144386989 204855.74999999997 0.92
78 0.7537222144386989 204855.74999999997 0.92
79 0.7537222144386989 204855.74999999997 0.92
80 0.7537222144386989 204855.74999999997 0.92
81 0.7537222144386989 204855.74999999997 0.92
82 0.7537222144386989 204855.74999999997 0.92
83 0.7537222144386989 204855.74999999997 0.92
84 0.7537222144386989 204855.74999999997 0.92
85 0.7537222144386989 204855.74999999997 0.92
86 0.7537222144386989 204855.74999999997 0.92
87 0.7537222144386989 204855.74999999997 0.92
88 0.7537222144386989 204855.74999999997 0.92
89 0.7537222144386989 204855.74999999997 0.92
90 0.7537222144386989 204855.74999999997 0.92
91 0.7537222144386989 204855.74999999997 0.92
92 0.7537222144386989 204855.74999999997 0.92
93 0.7537222144386989 204855.74999999997 0.92
94 0.7537222144386989 204855.74999999997 0.92
95 0.7537222144386989 204855.74999999997 0.92
96 0.7537222144386989 204855.74999999997 0.92
97 0.7537222144386989 204855.74999999997 0.92
98 0.7537222144386989 204855.74999999997 0.92
99 0.7537222144386989 204855.74999999997 0.92
100 0.7537222144386989 204855.74999999997 0.92
101 0.7537222144386989 204855.74999999997 0.92
102 0.7537222144386989 204855.74999999997 0.92
103 0.7537222144386989 204855.74999999997 0.92
104 0.7537222144386989 204855.74999999997 0.92
105 0.7537222144386989 204855.74999999997 0.92
106 0.7537222144386989 204855.74999999997 0.92
107 0.7537222144386989 204855.74999999997 0.92
108 0.7537222144386989 204855.74999999997 0.92
109 0.7537222144386989 204855.74999999997 0.92
110 0.7537222144386989 204855.74999999997 0.92
111 0.7537222144386989 204855.74999999997 0.92
112 0.7537222144386989 204855.74999999997 0.92
113 0.7537222144386989 204855.74999999997 0.92
114 0.7537222144386989 204855.74999999997 0.92
115 0.7537222144386989 204855.74999999997 0.92
116 0.7537222144386989 204855.74999999997 0.92
117 0.7537222144386989 204855.74999999997 0.92
118 0.7537222144386989 204855.74999999997 0.92
119 0.7537222144386989 204855.74999999997 0.92
120 0.7537222144386989 204855.74999999997 0.92
121 0.7537222144386989 204855.74999999997 0.92
122 0.7537222144386989 204855.74999999997 0.92
123 0.7537222144386989 204855.74999999997 0.92
124 0.7537222144386989 204855.74999999997 0.92
125 0.7537222144386989 204855.74999999997 0.92
126 0.7537222144386989 204855.74999999997 0.92
127 0.7537222144386989 204855.74999999997 0.92
128 0.7537222144386989 204855.74999999997 0.92
129 0.7537222144386989 204855.74999999997 0.92
130 0.7537222144386989 204855.74999999997 0.92
131 0.7537222144386989 204855.74999999997 0.92
132 0.7537222144386989 204855.74999999997 0.92
133 0.7537222144386989 204855.74999999997 0.92
134 0.7537222144386989 204855.74999999997 0.92
135 0.7537222144386989 204855.74999999997 0.92
136 0.7537222144386989 204855.74999999997 0.92
137 0.7537222144386989 204855.74999999997 0.92
138 0.7537222144386989 204855.74999999997 0.92
139 0.7537222144386989 204855.74999999997 0.92
140 0.7537222144386989 204855.74999999997 0.92
141 0.7537222144386989 204855.74999999997 0.92
142 0.7537222144386989 204855.74999999997 0.92
143 0.7537222144386989 204855.74999999997 0.92
144 0.7537222144386989 204855.74999999997 0.92
145 0.7537222144386989 204855.74999999997 0.92
146 0.7537222144386989 204855.74999999997 0.92
147 0.7537222144386989 204855.74999999997 0.92
148 0.7537222144386989 204855.74999999997 0.92
149 0.7537222144386989 204855.74999999997 0.92
150 0.7537222144386989 204855.74999999997 0.92
151 0.7537222144386989 204855.74999999997 0.92
152 0.7537222144386989 204855.74999999997 0.92
153 0.7537222144386989 204855.74999999997 0.92
154 0.7537222144386989 204855.74999999997 0.92
155 0.7537222144386989 204855.74999999997 0.92
156 0.7537222144386989 204855.74999999997 0.92
157 0.7537222144386989 204855.74999999997 0.92
158 0.7537222144386989 204855.74999999997 0.92
159 0.7537222144386989 204855.74999999997 0.92
160 0.7537222144386989 204855.74999999997 0.92
161 0.7537222144386989 204855.74999999997 0.92
162 0.7537222144386989 204855.74999999997 0.92
163 0.7537222144386989 204855.74999999997 0.92
164 0.7537222144386989 204855.74999999997 0.92
165 0.7537222144386989 204855.74999999997 0.92
166 0.7537222144386989 204855.74999999997 0.92
167 0.7537222144386989 204855.74999999997 0.92
168 0.7537222144386989 204855.74999999997 0.92
169 0.7537222144386989 204855.74999999997 0.92
170 0.7537222144386989 204855.74999999997 0.92
171 0.7537222144386989 204855.74999999997 0.92
172 0.7537222144386989 204855.74999999997 0.92
173 0.7537222144386989 204855.74999999997 0.92
174 0.7537222144386989 204855.74999999997 0.92
175 0.7537222144386989 204855.74999999997 0.92
176 0.7537222144386989 204855.74999999997 0.92
177 0.7537222144386989 204855.74999999997 0.92
178 0.7537222144386989 204855.74999999997 0.92
179 0.7537222144386989 204855.74999999997 0.92
180 0.7537222144386989 204855.74999999997 0.92
181 0.7537222144386989 204855.74999999997 0.92
182 0.7537222144386989 204855.74999999997 0.92
183 0.7537222144386989 204855.74999999997 0.92
184 0.7537222144386989 204855.74999999997 0.92
185 0.7537222144386989 204855.74999999997 0.92
186 0.7537222144386989 204855.74999999997 0.92
187 0.7537222144386989 204855.74999999997 0.92
188 0.7537222144386989 204855.74999999997 0.92
189 0.7537222144386989 204855.74999999997 0.92
190 0.7537222144386989 204855.74999999997 0.92
191 0.7537222144386989 204855.74999999997 0.92
192 0.7537222144386989 204855.74999999997 0.92
193 0.7537222144386989 204855.74999999997 0.92
194 0.7537222144386989 204855.74999999997 0.92
195 0.7537222144386989 204855.74999999997 0.92
196 0.7537222144386989 204855.74999999997 0.92
197 0.7537222144386989 204855.74999999997 0.92
198 0.7537222144386989 204855.74999999997 0.92
199 0.7537222144386989 204855.74999999997 0.92
200 0.7537222144386989 204855.74999999997 0.92
201 0.7537222144386989 204855.74999999997 0.92
202 0.7537222144386989 204855.74999999997 0.92
203 0.7537222144386989 204855.74999999997 0.92
204 0.7537222144386989 204855.74999999997 0.92
205 0.7537222144386989 204855.74999999997 0.92
206 0.7537222144386989 204855.74999999997 0.92
207 0.7537222144386989 204855.74999999997 0.92
208 0.7537222144386989 204855.74999999997 0.92
209 0.7537222144386989 204855.74999999997 0.92
210 0.7537222144386989 204855.74999999997 0.92
211 0.7537222144386989 204855.74999999997 0.92
212 0.7537222144386989 204855.74999999997 0.92
213 0.7537222144386989 204855.74999999997 0.92
214 0.7537222144386989 204855.74999999997 0.92
215 0.7537222144386989 204855.74999999997 0.92
216 0.7537222144386989 204855.74999999997 0.92
217 0.7537222144386989 204855.74999999997 0.92
218 0.7537222144386989 204855.74999999997 0.92
219 0.7537222144386989 204855.74999999997 0.92
220 0.7537222144386989 204855.74999999997 0.92
221 0.7537222144386989 204855.74999999997 0.92
222 0.7537222144386989 204855.74999999997 0.92
223 0.7537222144386989 204855.74999999997 0.92
224 0.7537222144386989 204855.74999999997 0.92
225 0.7537222144386989 204855.74999999997 0.92
226 0.7537222144386989 204855.74999999997 0.92
227 0.7537222144386989 204855.74999999997 0.92
228 0.7537222144386989 204855.74999999997 0.92
229 0.7537222144386989 204855.74999999997 0.92
230 0.7537222144386989 204855.74999999997 0.92
231 0.7537222144386989 204855.74999999997 0.92
232 0.7537222144386989 204855.74999999997 0.92
233 0.7537222144386989 204855.74999999997 0.92
234 0.7537222144386989 204855.74999999997 0.92
235 0.7537222144386989 204855.74999999997 0.92
236 0.7537222144386989 204855.74999999997 0.92
237 0.7537222144386989 204855.74999999997 0.92
238 0.7537222144386989 204855.74999999997 0.92
239 0.7537222144386989 204855.74999999997 0.92
240 0.7537222144386989 204855.74999999997 0.92
241 0.7537222144386989 204855.74999999997 0.92
242 0.7537222144386989 204855.74999999997 0.92
243 0.7537222144386989 204855.74999999997 0.92
244 0.7537222144386989 204855.74999999997 0.92
245 0.7537222144386989 204855.74999999997 0.92
246 0.7537222144386989 204855.74999999997 0.92
247 0.7537222144386989 204855.74999999997 0.92
248 0.7537222144386989 204855.74999999997 0.92
249 0.7537222144386989 204855.74999999997 0.92
250 0.7537222144386989 204855.74999999997 0.92
251 0.7537222144386989 204855.74999999997 0.92
